RBR XR-420  5.40 012056 (Windows: 6.13 - Minimum required: 5.11)
Host time     19/06/30 20:59:53
Logger time   19/06/30 21:01:21
Logging start 18/08/01 11:00:00
Logging end   26/08/01 11:00:00
Sample period          08:00:00
Number of channels =  8, number of samples =   1001, mode: Logging Stopped by User
N08%9.4f
Calibration  1: 0.004322570446620
                -0.000277846908580
                0.000003633623360
                -0.000000127546420 Degrees_C
Calibration  2: 0.004322598091600
                -0.000277865390420
                0.000003645638560
                -0.000000130380310 Degrees_C
Calibration  3: 0.004322471848990
                -0.000277855826490
                0.000003641321990
                -0.000000129694670 Degrees_C
Calibration  4: 0.004322316206420
                -0.000277838732040
                0.000003632299620
                -0.000000127458190 Degrees_C
Calibration  5: 0.004322571772840
                -0.000277842355080
                0.000003631396360
                -0.000000127435360 Degrees_C
Calibration  6: 0.004322421956680
                -0.000277833086750
                0.000003630256850
                -0.000000127322460 Degrees_C
Calibration  7: 0.004322371885380
                -0.000278014712690
                0.000003747031430
                -0.000000160865910 Degrees_C
Calibration  8: 0.004322837882030
                -0.000277851685740
                0.000003633921760
                -0.000000127878440 Degrees_C
COMMENT: NC-01
Memory type: 3 AT45DB642
Logger start:Start of logging 

     Temp      Temp      Temp      Temp      Temp      Temp      Temp      Temp 
-143.0841 -142.0261 -142.9275 -142.8223 -142.9337 -141.9273 -143.5679 -142.8871 
-142.1740 -143.2393 -141.9363 -142.7154 -142.5922 -142.9914 -143.2287 -142.3648 
-144.0130 -142.2785 -142.7560 -142.5996 -143.2125 -141.9559 -143.9810 -142.3447 
-142.6302 -143.2168 -143.2267 -142.5269 -143.0773 -142.2481 -143.2080 -142.9524 
-142.3934 -143.2733 -142.0987 -143.4762 -142.3162 -142.7101 -143.8670 -142.3447 
-142.5469 -143.2961 -142.8091 -142.9417 -142.6340 -142.1298 -144.6300 -143.1408 
-142.5989 -143.5395 -143.7187 -143.2897 -142.5714 -142.6889 -143.7104 -143.4507 
  17.0738   16.2978    5.0478   -0.4443   -2.0609   -3.4370   -3.9520   -3.9917 
   6.8627    6.7985    4.2279   -0.4321   -2.0533   -3.4327   -3.9500   -3.9924 
  12.4413   11.8271    4.4519   -0.4158   -2.0461   -3.4282   -3.9486   -3.9928 
  18.4475   18.5114    6.1711   -0.3955   -2.0376   -3.4250   -3.9469   -3.9933 
   8.4338    8.5442    5.2410   -0.3744   -2.0297   -3.4207   -3.9453   -3.9929 
   8.7945    8.5730    5.0909   -0.3512   -2.0230   -3.4160   -3.9443   -3.9934 
  14.2711   14.0638    5.9636   -0.3290   -2.0147   -3.4125   -3.9419   -3.9932 
   8.2096    8.0840    5.2896   -0.3078   -2.0072   -3.4077   -3.9404   -3.9937 
   8.2345    7.7175    4.8673   -0.2896   -2.0001   -3.4041   -3.9392   -3.9943 
  12.2543   12.5454    5.4705   -0.2708   -1.9922   -3.3997   -3.9370   -3.9938 
   5.0913    5.1383    4.5849   -0.2565   -1.9849   -3.3962   -3.9349   -3.9946 
  13.1413   12.3590    4.8857   -0.2397   -1.9765   -3.3916   -3.9335   -3.9951 
   8.8179    9.2532    5.2118   -0.2270   -1.9690   -3.3878   -3.9327   -3.9953 
   6.1192    5.9563    4.4159   -0.2116   -1.9616   -3.3831   -3.9311   -3.9955 
   5.3052    4.9537    3.9159   -0.1963   -1.9537   -3.3794   -3.9282   -3.9957 
   8.6689    8.4101    4.3957   -0.1833   -1.9462   -3.3754   -3.9268   -3.9957 
   2.5039    2.6527    3.5314   -0.1723   -1.9388   -3.3714   -3.9252   -3.9962 
   6.1722    5.5601    3.0243   -0.1643   -1.9313   -3.3681   -3.9247   -3.9963 
  10.1945   10.2892    4.1299   -0.1583   -1.9229   -3.3631   -3.9220   -3.9961 
   2.6361    2.7310    3.2756   -0.1530   -1.9157   -3.3590   -3.9201   -3.9963 
   8.3159    7.0085    3.1618   -0.1447   -1.9077   -3.3554   -3.9181   -3.9964 
   9.4293    9.0865    3.9410   -0.1372   -1.9002   -3.3518   -3.9170   -3.9965 
   5.2013    5.0351    3.4919   -0.1286   -1.8920   -3.3474   -3.9156   -3.9976 
   7.0990    6.6991    3.4263   -0.1183   -1.8852   -3.3428   -3.9140   -3.9968 
  11.8417   11.5346    4.4833   -0.1047   -1.8769   -3.3386   -3.9114   -3.9968 
   5.3484    5.3531    3.8400   -0.0927   -1.8702   -3.3359   -3.9095   -3.9975 
   7.9086    7.3243    3.5291   -0.0774   -1.8633   -3.3309   -3.9086   -3.9973 
  20.0710   19.0830    5.4279   -0.0588   -1.8547   -3.3274   -3.9067   -3.9977 
   2.0205    2.0049    3.4712   -0.0439   -1.8474   -3.3241   -3.9048   -3.9978 
   8.9810    8.4061    4.0459   -0.0168   -1.8401   -3.3191   -3.9040   -3.9971 
   6.0369    5.9093    4.0463    0.0049   -1.8331   -3.3160   -3.9013   -3.9978 
   1.0003    1.1458    2.8626    0.0256   -1.8268   -3.3116   -3.8999   -3.9980 
   4.5151    3.9004    2.6050    0.0454   -1.8194   -3.3076   -3.8979   -3.9982 
   8.8970    7.9879    3.3338    0.0554   -1.8123   -3.3030   -3.8971   -3.9978 
   0.2097    0.7393    2.5619    0.0590   -1.8057   -3.2991   -3.8948   -3.9981 
  12.0320    9.6654    2.7239    0.0646   -1.7982   -3.2952   -3.8935   -3.9985 
  14.8324   14.7282    4.5931    0.0705   -1.7903   -3.2910   -3.8920   -3.9979 
   9.3208    9.0600    4.1836    0.0769   -1.7856   -3.2870   -3.8892   -3.9990 
   8.7832    8.3355    3.9930    0.0973   -1.7790   -3.2832   -3.8873   -3.9989 
  12.1575   11.9098    4.6309    0.1259   -1.7725   -3.2787   -3.8859   -3.9977 
  11.0005   10.4712    4.5572    0.1509   -1.7662   -3.2755   -3.8848   -3.9986 
   5.3388    4.8976    3.6200    0.1773   -1.7597   -3.2710   -3.8826   -3.9990 
  10.6663    9.4586    4.2132    0.2063   -1.7541   -3.2668   -3.8809   -3.9985 
   2.4480    2.4008    3.1569    0.2236   -1.7490   -3.2635   -3.8802   -3.9988 
  11.7331    8.3409    3.1114    0.2382   -1.7422   -3.2592   -3.8784   -3.9997 
  18.7686   17.5661    5.3137    0.2470   -1.7354   -3.2555   -3.8754   -3.9982 
  10.2310   10.0388    5.0680    0.2537   -1.7301   -3.2513   -3.8736   -3.9985 
  11.3131   10.9915    5.3949    0.2784   -1.7250   -3.2477   -3.8721   -3.9986 
  21.1504   20.1708    6.9503    0.3196   -1.7178   -3.2429   -3.8706   -3.9982 
   0.6402    0.3508    3.9042    0.3623   -1.7146   -3.2399   -3.8678   -3.9984 
  11.6721   10.7551    4.5664    0.4085   -1.7089   -3.2350   -3.8672   -3.9991 
  18.3947   17.3220    6.2063    0.4426   -1.7034   -3.2314   -3.8656   -3.9983 
   6.1851    6.1686    5.0801    0.4593   -1.6984   -3.2281   -3.8638   -3.9985 
   4.6833    4.4251    4.0747    0.4828   -1.6935   -3.2240   -3.8620   -3.9988 
   5.5781    5.6343    4.1040    0.5045   -1.6885   -3.2200   -3.8599   -3.9991 
   1.4789    1.4740    3.1540    0.5089   -1.6841   -3.2163   -3.8590   -3.9990 
   4.4929    3.1322    2.4709    0.5007   -1.6789   -3.2125   -3.8571   -3.9988 
  11.7810   11.7030    4.2479    0.4858   -1.6744   -3.2080   -3.8551   -3.9995 
  -7.0252   -5.5153    1.4140    0.4559   -1.6701   -3.2044   -3.8529   -4.0005 
  12.3057    8.0193    1.3896    0.4283   -1.6652   -3.2004   -3.8510   -3.9998 
  11.0916   11.2003    3.4539    0.3980   -1.6602   -3.1957   -3.8490   -3.9985 
  -2.7158   -1.4931    2.0504    0.3513   -1.6562   -3.1931   -3.8477   -4.0001 
   9.1178    6.9813    1.7201    0.3138   -1.6518   -3.1888   -3.8461   -3.9998 
  14.2624   14.5204    4.0563    0.2876   -1.6465   -3.1852   -3.8439   -3.9985 
  -0.3985    0.4916    2.4750    0.2583   -1.6419   -3.1810   -3.8420   -3.9987 
   9.2637    6.9475    1.7868    0.2448   -1.6384   -3.1779   -3.8407   -3.9988 
  16.0755   16.0578    4.5922    0.2416   -1.6331   -3.1734   -3.8387   -3.9985 
   5.5180    5.4174    3.4543    0.2325   -1.6284   -3.1696   -3.8372   -3.9994 
   5.9931    5.6981    3.3467    0.2408   -1.6260   -3.1661   -3.8351   -3.9986 
   7.1508    7.0296    3.5587    0.2613   -1.6217   -3.1627   -3.8330   -3.9990 
   0.8734    0.7987    2.5447    0.2787   -1.6174   -3.1581   -3.8318   -3.9987 
   5.5346    5.0710    2.6011    0.2955   -1.6135   -3.1551   -3.8303   -3.9982 
  11.2559   10.9161    3.9152    0.3045   -1.6097   -3.1509   -3.8274   -3.9987 
   6.4692    6.3237    3.5743    0.3065   -1.6061   -3.1468   -3.8262   -3.9975 
   7.4185    7.0926    3.7488    0.3173   -1.6009   -3.1433   -3.8248   -3.9984 
   6.8154    6.7859    4.0320    0.3360   -1.5973   -3.1398   -3.8230   -3.9979 
   1.9299    1.8117    2.8197    0.3555   -1.5934   -3.1355   -3.8219   -3.9982 
   3.6945    3.4398    2.5605    0.3761   -1.5901   -3.1319   -3.8194   -3.9986 
  14.5308   13.7742    3.9587    0.3867   -1.5865   -3.1281   -3.8171   -3.9982 
  -1.0127   -0.7801    2.1244    0.3816   -1.5830   -3.1249   -3.8157   -3.9976 
   7.4550    6.4553    2.5847    0.3774   -1.5781   -3.1210   -3.8136   -3.9977 
   8.4791    8.3725    4.0039    0.3696   -1.5746   -3.1176   -3.8116   -3.9970 
   0.1010    0.0234    2.0557    0.3535   -1.5724   -3.1128   -3.8101   -3.9977 
   1.8121    0.4134    1.5580    0.3450   -1.5682   -3.1095   -3.8081   -3.9969 
   6.9320    6.7244    2.4003    0.3350   -1.5649   -3.1060   -3.8070   -3.9973 
   3.2803    2.8983    2.1347    0.3132   -1.5617   -3.1031   -3.8051   -3.9972 
   5.7846    5.4396    2.5769    0.2920   -1.5578   -3.0979   -3.8034   -3.9967 
   2.5278    2.2480    2.1603    0.2759   -1.5545   -3.0955   -3.8015   -3.9960 
  -1.1668   -0.8656    1.3078    0.2615   -1.5517   -3.0918   -3.7997   -3.9968 
   0.4756    0.0452    0.9773    0.2461   -1.5481   -3.0882   -3.7975   -3.9965 
   1.5889    1.5007    1.1200    0.2233   -1.5453   -3.0838   -3.7956   -3.9968 
  -2.4020   -2.1907    0.6571    0.1900   -1.5419   -3.0803   -3.7937   -3.9968 
   3.4658    2.8571    0.7689    0.1547   -1.5401   -3.0770   -3.7924   -3.9959 
   8.6397    8.3833    2.3410    0.1236   -1.5364   -3.0735   -3.7901   -3.9956 
   1.2017    1.3129    1.8989    0.0931   -1.5317   -3.0698   -3.7885   -3.9954 
   4.0820    2.6182    1.1378    0.0783   -1.5290   -3.0672   -3.7870   -3.9960 
  10.0058    9.1803    2.2091    0.0755   -1.5257   -3.0634   -3.7852   -3.9955 
  -5.5162   -4.9419    0.3711    0.0684   -1.5244   -3.0591   -3.7824   -3.9956 
   4.4345    3.7258    0.8174    0.0636   -1.5206   -3.0564   -3.7819   -3.9953 
  12.8809   12.4166    2.7101    0.0555   -1.5161   -3.0517   -3.7794   -3.9957 
   6.4381    6.1603    2.4629    0.0409   -1.5141   -3.0496   -3.7787   -3.9949 
   8.4497    7.9196    2.7152    0.0388   -1.5105   -3.0462   -3.7757   -3.9947 
   5.8709    6.0733    3.2232    0.0536   -1.5078   -3.0425   -3.7741   -3.9944 
  -2.5731   -1.9337    1.3236    0.0757   -1.5052   -3.0392   -3.7729   -3.9941 
   0.8072   -0.5114    0.6749    0.1028   -1.5020   -3.0355   -3.7707   -3.9941 
   6.9363    7.0098    1.8068    0.1169   -1.5001   -3.0322   -3.7685   -3.9937 
  -8.8720   -7.6923   -0.0902    0.1069   -1.4971   -3.0285   -3.7675   -3.9939 
   5.4993    2.5331    0.3820    0.0916   -1.4940   -3.0244   -3.7648   -3.9937 
  10.4739   10.1975    1.5123    0.0705   -1.4915   -3.0221   -3.7629   -3.9933 
   0.7711    0.8705    0.8748    0.0379   -1.4885   -3.0186   -3.7616   -3.9927 
   4.7109    4.0012    0.7596    0.0074   -1.4859   -3.0154   -3.7600   -3.9936 
   7.5380    7.3497    2.2935   -0.0151   -1.4823   -3.0123   -3.7573   -3.9920 
   1.4943    1.4487    1.5591   -0.0274   -1.4809   -3.0077   -3.7558   -3.9923 
   1.2091    0.8571    1.1750   -0.0224   -1.4775   -3.0048   -3.7546   -3.9928 
   2.9407    3.2302    1.3955   -0.0117   -1.4761   -3.0016   -3.7525   -3.9925 
  -1.9005   -1.8431    0.3892   -0.0078   -1.4725   -2.9977   -3.7505   -3.9924 
  -0.3324   -0.6956    0.2404   -0.0108   -1.4703   -2.9945   -3.7488   -3.9915 
   7.8695    7.2822    1.1192   -0.0214   -1.4675   -2.9914   -3.7468   -3.9912 
 -10.5039   -8.7887   -0.6972   -0.0405   -1.4650   -2.9886   -3.7450   -3.9912 
   4.5513   -0.3944   -0.4349   -0.0595   -1.4638   -2.9851   -3.7439   -3.9912 
   9.1107    9.0325    0.8942   -0.0758   -1.4604   -2.9818   -3.7420   -3.9910 
  -4.1302   -3.9001   -0.3041   -0.1012   -1.4571   -2.9786   -3.7396   -3.9907 
   3.2083   -1.6890   -0.5899   -0.1270   -1.4560   -2.9753   -3.7372   -3.9897 
   3.1517    2.4400    0.2470   -0.1475   -1.4526   -2.9718   -3.7363   -3.9899 
  -3.0201   -2.9781   -0.4002   -0.1705   -1.4508   -2.9683   -3.7343   -3.9899 
  -1.3851   -1.9048   -0.3807   -0.1905   -1.4483   -2.9653   -3.7324   -3.9897 
   8.1216    7.3606    0.5162   -0.2071   -1.4467   -2.9623   -3.7303   -3.9890 
 -10.9360   -9.4570   -1.2543   -0.2248   -1.4434   -2.9582   -3.7287   -3.9897 
   4.3181   -0.8247   -0.7871   -0.2398   -1.4417   -2.9561   -3.7261   -3.9889 
   9.9528    9.2571    0.6593   -0.2464   -1.4389   -2.9525   -3.7256   -3.9884 
 -10.2872   -8.8224   -1.1629   -0.2592   -1.4370   -2.9494   -3.7235   -3.9889 
   4.3446   -0.1669   -0.7188   -0.2691   -1.4345   -2.9465   -3.7208   -3.9877 
  12.8275   11.4409    0.7755   -0.2726   -1.4318   -2.9439   -3.7199   -3.9877 
  -7.0096   -6.2745   -0.8119   -0.2807   -1.4299   -2.9395   -3.7178   -3.9881 
  -2.2071   -2.1708   -0.4288   -0.2854   -1.4278   -2.9375   -3.7157   -3.9869 
   5.1435    4.0184    0.1071   -0.2902   -1.4254   -2.9335   -3.7145   -3.9861 
 -12.5607  -10.9343   -1.6234   -0.2956   -1.4235   -2.9307   -3.7124   -3.9873 
  -4.0654   -4.4614   -0.9923   -0.3004   -1.4222   -2.9274   -3.7106   -3.9863 
   4.7901    3.9633    0.0979   -0.2995   -1.4190   -2.9247   -3.7088   -3.9858 
  -6.4392   -6.6329   -1.3659   -0.3052   -1.4177   -2.9213   -3.7077   -3.9852 
  -5.2215   -5.2682   -0.9790   -0.3051   -1.4159   -2.9186   -3.7054   -3.9853 
   1.7919    1.3012   -0.0767   -0.3063   -1.4128   -2.9157   -3.7036   -3.9849 
 -14.7034  -13.1572   -2.2755   -0.3106   -1.4104   -2.9117   -3.7009   -3.9855 
   1.9680   -2.8972   -1.4240   -0.3122   -1.4098   -2.9092   -3.7002   -3.9845 
   8.0197    7.3533    0.4508   -0.3097   -1.4062   -2.9066   -3.6980   -3.9832 
  -8.1898   -7.0410   -1.1095   -0.3120   -1.4039   -2.9036   -3.6965   -3.9834 
   5.8859    0.5916   -0.7807   -0.3140   -1.4027   -2.9009   -3.6949   -3.9824 
  13.3503   12.5468    0.9961   -0.3105   -1.4001   -2.8979   -3.6928   -3.9826 
  -0.3177   -0.1423   -0.1667   -0.3119   -1.3988   -2.8940   -3.6908   -3.9828 
   2.2227    1.0687   -0.2266   -0.3135   -1.3976   -2.8917   -3.6889   -3.9816 
   6.3332    6.3915    0.5769   -0.3115   -1.3949   -2.8883   -3.6881   -3.9812 
  -0.3478   -0.4129   -0.1653   -0.3124   -1.3929   -2.8859   -3.6863   -3.9816 
  -1.1356   -1.2808   -0.2799   -0.3138   -1.3913   -2.8823   -3.6838   -3.9811 
   1.8857    1.8676    0.0289   -0.3137   -1.3895   -2.8791   -3.6817   -3.9806 
  -1.1590   -1.1595   -0.2513   -0.3142   -1.3881   -2.8765   -3.6796   -3.9803 
  -1.8129   -1.9276   -0.3714   -0.3152   -1.3857   -2.8733   -3.6775   -3.9810 
  -0.0470    0.0455   -0.1660   -0.3140   -1.3847   -2.8707   -3.6761   -3.9791 
  -2.6450   -2.6931   -0.5023   -0.3152   -1.3824   -2.8681   -3.6751   -3.9785 
  -2.0203   -2.4233   -0.5308   -0.3164   -1.3813   -2.8657   -3.6722   -3.9792 
   0.4379    0.0859   -0.2097   -0.3157   -1.3785   -2.8619   -3.6721   -3.9789 
 -10.1527   -8.0539   -1.1058   -0.3168   -1.3770   -2.8596   -3.6694   -3.9790 
  -4.0348   -8.7680   -2.0069   -0.3197   -1.3761   -2.8565   -3.6674   -3.9781 
   0.3596    0.2722   -0.2434   -0.3170   -1.3738   -2.8550   -3.6663   -3.9775 
 -13.3107  -10.9889   -1.8845   -0.3199   -1.3722   -2.8505   -3.6642   -3.9776 
  -0.8515   -2.8416   -1.2847   -0.3201   -1.3699   -2.8479   -3.6624   -3.9778 
   4.1933    2.4387   -0.1505   -0.3168   -1.3679   -2.8442   -3.6600   -3.9764 
  -1.7851   -1.7729   -0.4068   -0.3169   -1.3666   -2.8426   -3.6584   -3.9764 
  -1.5824   -1.9227   -0.4946   -0.3179   -1.3651   -2.8401   -3.6577   -3.9766 
  -0.4838   -0.3567   -0.2582   -0.3179   -1.3633   -2.8366   -3.6552   -3.9758 
  -3.1530   -3.0950   -0.6331   -0.3191   -1.3618   -2.8343   -3.6533   -3.9754 
  -4.1405   -4.1729   -0.9014   -0.3199   -1.3597   -2.8316   -3.6523   -3.9746 
   0.6111    0.6148   -0.1634   -0.3172   -1.3582   -2.8286   -3.6502   -3.9743 
  -7.8853   -6.4856   -1.1377   -0.3205   -1.3577   -2.8261   -3.6482   -3.9739 
  -4.9993   -5.4137   -1.3105   -0.3212   -1.3552   -2.8227   -3.6464   -3.9736 
   0.8755    0.8313   -0.1624   -0.3194   -1.3536   -2.8204   -3.6446   -3.9725 
  -4.7863   -4.6355   -0.9504   -0.3202   -1.3525   -2.8181   -3.6428   -3.9723 
  -3.4629   -5.8620   -1.2107   -0.3212   -1.3505   -2.8146   -3.6411   -3.9726 
   4.9206    3.9970   -0.0359   -0.3199   -1.3486   -2.8122   -3.6392   -3.9723 
 -11.1262   -9.8023   -1.8122   -0.3221   -1.3469   -2.8102   -3.6375   -3.9710 
  -0.1037   -4.4330   -1.6071   -0.3241   -1.3469   -2.8068   -3.6352   -3.9715 
   4.1240    3.6168    0.0251   -0.3200   -1.3440   -2.8042   -3.6340   -3.9703 
 -13.9730  -11.9530   -2.2373   -0.3238   -1.3426   -2.8020   -3.6319   -3.9707 
  -5.9465   -5.8150   -1.3701   -0.3232   -1.3408   -2.7987   -3.6309   -3.9695 
  -1.7710   -1.7845   -0.6369   -0.3227   -1.3392   -2.7962   -3.6292   -3.9694 
  -3.2938   -3.3158   -0.7647   -0.3219   -1.3387   -2.7933   -3.6272   -3.9694 
  -2.6361   -6.1759   -1.4664   -0.3229   -1.3374   -2.7907   -3.6248   -3.9678 
  -2.0779   -2.4847   -0.7492   -0.3234   -1.3354   -2.7889   -3.6236   -3.9679 
 -16.1252  -14.1025   -2.9527   -0.3287   -1.3337   -2.7853   -3.6210   -3.9679 
  -5.7605   -5.7460   -1.5870   -0.3266   -1.3324   -2.7836   -3.6197   -3.9672 
  -0.3755   -0.2873   -0.3603   -0.3232   -1.3312   -2.7813   -3.6181   -3.9670 
 -16.0458  -13.7819   -2.8247   -0.3282   -1.3299   -2.7788   -3.6156   -3.9673 
  -6.6106  -10.4635   -2.8633   -0.3301   -1.3281   -2.7759   -3.6143   -3.9663 
  -0.9027   -1.4878   -0.8219   -0.3253   -1.3258   -2.7735   -3.6136   -3.9656 
 -18.6492  -16.5564   -3.8031   -0.3332   -1.3264   -2.7703   -3.6112   -3.9655 
  -8.9007  -13.5953   -3.8833   -0.3344   -1.3246   -2.7678   -3.6087   -3.9646 
   1.1380    0.6789   -0.5275   -0.3264   -1.3225   -2.7654   -3.6074   -3.9639 
 -16.8686  -14.9268   -3.4457   -0.3329   -1.3217   -2.7631   -3.6054   -3.9646 
  -9.2735  -13.1418   -3.7257   -0.3357   -1.3204   -2.7604   -3.6036   -3.9635 
  -0.0473   -0.6442   -0.9278   -0.3292   -1.3189   -2.7574   -3.6026   -3.9627 
 -14.2133  -12.6148   -2.9582   -0.3341   -1.3173   -2.7549   -3.5999   -3.9628 
  -7.0519   -7.0214   -2.2062   -0.3331   -1.3174   -2.7533   -3.5993   -3.9621 
  -2.8763   -2.8857   -1.0934   -0.3309   -1.3139   -2.7494   -3.5973   -3.9615 
  -0.0623   -0.4048   -0.6833   -0.3312   -1.3137   -2.7471   -3.5954   -3.9607 
  -1.6672   -1.5406   -0.5290   -0.3298   -1.3129   -2.7455   -3.5941   -3.9602 
  -0.1551    0.0503   -0.2607   -0.3290   -1.3112   -2.7427   -3.5921   -3.9594 
  -9.1720   -7.6064   -1.1338   -0.3302   -1.3094   -2.7406   -3.5909   -3.9594 
  -7.9065  -10.8884   -2.3251   -0.3328   -1.3092   -2.7377   -3.5881   -3.9594 
  -2.6903   -2.3838   -0.8178   -0.3308   -1.3066   -2.7350   -3.5868   -3.9587 
  -2.5693   -2.7940   -0.9165   -0.3308   -1.3056   -2.7332   -3.5845   -3.9581 
  -2.4925   -2.4881   -0.7600   -0.3297   -1.3050   -2.7314   -3.5840   -3.9576 
  -0.2392    0.1523   -0.3743   -0.3302   -1.3031   -2.7291   -3.5816   -3.9580 
  -7.2923   -6.3465   -1.3987   -0.3327   -1.3026   -2.7259   -3.5795   -3.9573 
 -11.0046  -12.0567   -2.7347   -0.3355   -1.3016   -2.7238   -3.5782   -3.9571 
  -0.1321   -0.3583   -0.8555   -0.3325   -1.2990   -2.7208   -3.5768   -3.9554 
  -2.1368   -2.2973   -0.8220   -0.3325   -1.2988   -2.7186   -3.5744   -3.9553 
  -1.6984   -1.7758   -0.6580   -0.3306   -1.2976   -2.7166   -3.5735   -3.9552 
  -1.4503   -1.2423   -0.4974   -0.3309   -1.2963   -2.7143   -3.5720   -3.9543 
  -6.9198   -5.4553   -0.9975   -0.3309   -1.2950   -2.7120   -3.5696   -3.9544 
  -5.1795   -4.8650   -1.0722   -0.3313   -1.2938   -2.7090   -3.5679   -3.9536 
  -3.0914   -2.4071   -0.6557   -0.3316   -1.2924   -2.7064   -3.5661   -3.9528 
  -4.8450   -3.9240   -0.8534   -0.3316   -1.2924   -2.7040   -3.5653   -3.9522 
  -4.6611   -4.2627   -1.0696   -0.3333   -1.2912   -2.7025   -3.5638   -3.9520 
  -3.0039   -2.7468   -0.8070   -0.3327   -1.2898   -2.6999   -3.5617   -3.9512 
  -3.3119   -2.8225   -0.6974   -0.3329   -1.2880   -2.6983   -3.5596   -3.9505 
  -2.7457   -2.5841   -0.6845   -0.3327   -1.2873   -2.6955   -3.5580   -3.9504 
  -3.0324   -2.4111   -0.5746   -0.3332   -1.2851   -2.6932   -3.5559   -3.9503 
  -5.1558   -4.1674   -0.7875   -0.3343   -1.2850   -2.6907   -3.5538   -3.9502 
  -9.6132   -8.5372   -1.3694   -0.3357   -1.2845   -2.6881   -3.5535   -3.9490 
  -3.8690   -3.5041   -0.8429   -0.3351   -1.2831   -2.6866   -3.5516   -3.9490 
  -9.4625   -7.0804   -1.3067   -0.3363   -1.2822   -2.6841   -3.5499   -3.9482 
 -14.0954  -11.2930   -2.0740   -0.3395   -1.2816   -2.6816   -3.5478   -3.9473 
  -5.8903   -4.7580   -0.9667   -0.3373   -1.2802   -2.6797   -3.5467   -3.9468 
  -5.6247   -4.9479   -1.0799   -0.3369   -1.2791   -2.6764   -3.5441   -3.9462 
  -4.7104   -4.2585   -1.0072   -0.3382   -1.2782   -2.6745   -3.5429   -3.9462 
  -4.3951   -3.7557   -0.8397   -0.3376   -1.2758   -2.6726   -3.5407   -3.9452 
  -4.5254   -3.9039   -0.8563   -0.3377   -1.2754   -2.6695   -3.5399   -3.9455 
  -8.2222   -6.3713   -1.0901   -0.3384   -1.2744   -2.6682   -3.5379   -3.9448 
  -3.8879   -3.2887   -0.7629   -0.3381   -1.2741   -2.6662   -3.5357   -3.9436 
  -3.0598   -2.6898   -0.6662   -0.3383   -1.2732   -2.6631   -3.5356   -3.9429 
  -3.4438   -3.0205   -0.6795   -0.3388   -1.2721   -2.6618   -3.5328   -3.9420 
  -1.0416   -1.0575   -0.4490   -0.3389   -1.2707   -2.6602   -3.5319   -3.9422 
  -4.5587   -3.4718   -0.7124   -0.3394   -1.2701   -2.6571   -3.5298   -3.9413 
  -6.1503   -4.7053   -0.9026   -0.3402   -1.2689   -2.6551   -3.5279   -3.9409 
  -9.1163   -6.2213   -0.9369   -0.3404   -1.2679   -2.6528   -3.5257   -3.9401 
  -2.4833   -2.8419   -0.8245   -0.3410   -1.2670   -2.6511   -3.5250   -3.9401 
  -0.3506   -0.5681   -0.4631   -0.3404   -1.2654   -2.6494   -3.5235   -3.9390 
  -3.6102   -2.5845   -0.4659   -0.3360   -1.2645   -2.6464   -3.5215   -3.9391 
 -11.2927   -8.2730   -1.2999   -0.3415   -1.2640   -2.6452   -3.5192   -3.9381 
 -13.7585  -10.9689   -1.8396   -0.3445   -1.2635   -2.6423   -3.5184   -3.9389 
  -8.1947   -5.9544   -0.7744   -0.3427   -1.2620   -2.6393   -3.5168   -3.9371 
  -6.6224   -6.1200   -1.2852   -0.3439   -1.2616   -2.6383   -3.5155   -3.9371 
  -5.7575   -5.2841   -1.1480   -0.3446   -1.2601   -2.6353   -3.5134   -3.9363 
  -5.0011   -4.3556   -0.9999   -0.3449   -1.2598   -2.6343   -3.5111   -3.9355 
  -4.6669   -3.9187   -0.9456   -0.3447   -1.2582   -2.6317   -3.5098   -3.9354 
  -3.9672   -3.3761   -0.8580   -0.3440   -1.2569   -2.6301   -3.5087   -3.9356 
  -4.8500   -3.3462   -0.7932   -0.3451   -1.2574   -2.6279   -3.5073   -3.9337 
  -5.6389   -4.6358   -0.9510   -0.3463   -1.2559   -2.6251   -3.5060   -3.9334 
  -6.4632   -4.8650   -1.0201   -0.3460   -1.2546   -2.6228   -3.5029   -3.9326 
 -12.7174   -7.3908   -1.1097   -0.3454   -1.2535   -2.6212   -3.5017   -3.9321 
 -12.2163   -9.8016   -1.8236   -0.3493   -1.2535   -2.6192   -3.5004   -3.9317 
  -6.8685   -6.2025   -1.3465   -0.3482   -1.2520   -2.6175   -3.4981   -3.9318 
  -6.2210   -4.6181   -0.9836   -0.3478   -1.2518   -2.6149   -3.4966   -3.9312 
 -14.8648   -9.4621   -1.5776   -0.3484   -1.2506   -2.6136   -3.4952   -3.9303 
 -10.4296   -7.8268   -1.5248   -0.3491   -1.2501   -2.6114   -3.4939   -3.9299 
  -8.9414   -6.8485   -1.3008   -0.3498   -1.2495   -2.6094   -3.4922   -3.9289 
 -10.7231   -7.3701   -1.3073   -0.3506   -1.2484   -2.6071   -3.4902   -3.9280 
 -12.7598  -10.0222   -1.9439   -0.3525   -1.2477   -2.6051   -3.4888   -3.9276 
 -13.0591   -9.6640   -1.9896   -0.3524   -1.2467   -2.6023   -3.4879   -3.9274 
 -21.2777  -14.6335   -2.7648   -0.3544   -1.2459   -2.6008   -3.4854   -3.9265 
 -24.8547  -17.2503   -3.3983   -0.3567   -1.2452   -2.5989   -3.4840   -3.9262 
 -21.6868  -13.8250   -2.6146   -0.3558   -1.2440   -2.5973   -3.4822   -3.9259 
 -14.1795  -10.9662   -2.3387   -0.3564   -1.2432   -2.5947   -3.4814   -3.9249 
 -11.4396   -9.1254   -1.9821   -0.3553   -1.2427   -2.5937   -3.4785   -3.9244 
  -8.0690   -6.4346   -1.4661   -0.3546   -1.2416   -2.5914   -3.4778   -3.9231 
 -19.6026  -13.5699   -2.6032   -0.3571   -1.2413   -2.5893   -3.4765   -3.9231 
 -21.5946  -15.2199   -3.0263   -0.3587   -1.2392   -2.5873   -3.4752   -3.9232 
 -19.3490  -12.3007   -2.3320   -0.3579   -1.2391   -2.5848   -3.4723   -3.9224 
 -22.7107  -15.8605   -3.2186   -0.3604   -1.2379   -2.5833   -3.4711   -3.9216 
 -13.2848  -10.1630   -2.2627   -0.3592   -1.2377   -2.5808   -3.4690   -3.9211 
  -9.9789   -7.8172   -1.7832   -0.3587   -1.2362   -2.5795   -3.4682   -3.9210 
 -12.4593   -9.3007   -1.9421   -0.3594   -1.2354   -2.5777   -3.4663   -3.9199 
 -12.5247   -9.1246   -1.9389   -0.3596   -1.2358   -2.5767   -3.4644   -3.9200 
 -12.2157   -8.7811   -1.8839   -0.3603   -1.2352   -2.5737   -3.4639   -3.9191 
 -22.6716  -15.7923   -3.1414   -0.3621   -1.2336   -2.5723   -3.4618   -3.9188 
 -24.8358  -17.1588   -3.5771   -0.3646   -1.2330   -2.5701   -3.4595   -3.9181 
 -21.9012  -14.2566   -2.9193   -0.3638   -1.2318   -2.5678   -3.4587   -3.9174 
 -21.0373  -14.9215   -3.2445   -0.3659   -1.2316   -2.5653   -3.4579   -3.9162 
 -14.2012  -10.6974   -2.5057   -0.3655   -1.2299   -2.5653   -3.4552   -3.9155 
 -18.2390  -11.6229   -2.4084   -0.3652   -1.2309   -2.5624   -3.4542   -3.9153 
 -15.6354  -12.0476   -2.7220   -0.3664   -1.2290   -2.5594   -3.4522   -3.9153 
 -20.5479  -14.5484   -3.0705   -0.3666   -1.2292   -2.5588   -3.4506   -3.9139 
 -14.2952  -10.6792   -2.4389   -0.3661   -1.2277   -2.5565   -3.4491   -3.9135 
 -10.8873   -8.4933   -2.0100   -0.3667   -1.2273   -2.5536   -3.4479   -3.9130 
  -8.6255   -6.9823   -1.7018   -0.3645   -1.2262   -2.5532   -3.4463   -3.9121 
 -13.8308  -10.1618   -2.0780   -0.3666   -1.2256   -2.5511   -3.4445   -3.9114 
  -9.4999   -7.6230   -1.7715   -0.3666   -1.2250   -2.5498   -3.4426   -3.9106 
  -9.1059   -6.9318   -1.5603   -0.3662   -1.2243   -2.5481   -3.4414   -3.9105 
  -9.8323   -7.1009   -1.5395   -0.3657   -1.2242   -2.5457   -3.4399   -3.9094 
 -11.8620   -8.5253   -1.8134   -0.3674   -1.2236   -2.5435   -3.4386   -3.9090 
 -11.4835   -8.4048   -1.7782   -0.3668   -1.2227   -2.5425   -3.4366   -3.9094 
 -11.4414   -8.4223   -1.7202   -0.3683   -1.2214   -2.5406   -3.4357   -3.9075 
 -12.8679  -10.2472   -2.0005   -0.3685   -1.2209   -2.5380   -3.4339   -3.9072 
 -14.0686  -11.5642   -2.4995   -0.3708   -1.2208   -2.5359   -3.4327   -3.9063 
 -13.1471   -9.9341   -2.0109   -0.3701   -1.2201   -2.5361   -3.4305   -3.9068 
 -15.9858  -11.7162   -2.3101   -0.3716   -1.2191   -2.5334   -3.4296   -3.9052 
 -18.6118  -14.0930   -2.6306   -0.3731   -1.2192   -2.5309   -3.4275   -3.9046 
 -19.6179  -14.6982   -3.0002   -0.3744   -1.2182   -2.5290   -3.4261   -3.9046 
 -22.0554  -15.5914   -3.2190   -0.3758   -1.2170   -2.5280   -3.4251   -3.9030 
 -19.9756  -14.6579   -3.2590   -0.3761   -1.2163   -2.5258   -3.4237   -3.9035 
 -22.0805  -16.2758   -3.6017   -0.3782   -1.2167   -2.5239   -3.4211   -3.9025 
 -28.2498  -19.4884   -4.2432   -0.3803   -1.2155   -2.5220   -3.4208   -3.9016 
 -26.0317  -18.3928   -4.1606   -0.3819   -1.2155   -2.5207   -3.4188   -3.9023 
 -26.2469  -17.3446   -3.7787   -0.3803   -1.2150   -2.5188   -3.4172   -3.9004 
 -27.2037  -18.8299   -4.2309   -0.3827   -1.2144   -2.5170   -3.4151   -3.8996 
 -27.6574  -19.1715   -4.3430   -0.3834   -1.2140   -2.5143   -3.4138   -3.8996 
 -25.9894  -17.8446   -4.0736   -0.3840   -1.2131   -2.5125   -3.4126   -3.8980 
 -22.8448  -16.4980   -4.0114   -0.3854   -1.2121   -2.5120   -3.4109   -3.8983 
 -21.0837  -15.3232   -3.7817   -0.3854   -1.2120   -2.5092   -3.4100   -3.8978 
 -20.6271  -14.3326   -3.4718   -0.3849   -1.2103   -2.5081   -3.4082   -3.8974 
 -20.8553  -15.6617   -3.8166   -0.3860   -1.2097   -2.5070   -3.4067   -3.8960 
 -13.6174  -10.9816   -2.8999   -0.3845   -1.2100   -2.5056   -3.4055   -3.8954 
 -22.2718  -14.9713   -3.3921   -0.3855   -1.2091   -2.5033   -3.4043   -3.8954 
 -21.5914  -15.3389   -3.5644   -0.3868   -1.2084   -2.5017   -3.4026   -3.8946 
 -14.1507  -10.7195   -2.6765   -0.3857   -1.2081   -2.5002   -3.4006   -3.8930 
  -9.5454   -8.5101   -2.4618   -0.3852   -1.2070   -2.4979   -3.3993   -3.8930 
  -7.9596   -6.6945   -2.0678   -0.3837   -1.2068   -2.4969   -3.3981   -3.8924 
  -7.1632   -5.9111   -1.8416   -0.3836   -1.2060   -2.4944   -3.3968   -3.8914 
  -6.9426   -5.2003   -1.6335   -0.3836   -1.2061   -2.4930   -3.3952   -3.8912 
  -7.3914   -5.3881   -1.5605   -0.3834   -1.2053   -2.4911   -3.3943   -3.8910 
  -8.4704   -5.9549   -1.5643   -0.3837   -1.2053   -2.4896   -3.3922   -3.8898 
  -9.7025   -7.1198   -1.7376   -0.3839   -1.2047   -2.4882   -3.3904   -3.8893 
  -9.8278   -6.8397   -1.6339   -0.3850   -1.2038   -2.4867   -3.3889   -3.8893 
 -11.3335   -7.5636   -1.6952   -0.3856   -1.2034   -2.4847   -3.3870   -3.8878 
 -17.1448  -10.7942   -2.1916   -0.3859   -1.2014   -2.4834   -3.3868   -3.8872 
 -21.2944  -14.2583   -2.8808   -0.3899   -1.2027   -2.4817   -3.3855   -3.8866 
 -17.6160  -13.3210   -3.0138   -0.3918   -1.2017   -2.4800   -3.3829   -3.8856 
 -18.2028  -13.2456   -2.9687   -0.3926   -1.2014   -2.4785   -3.3819   -3.8857 
 -17.2016  -13.1834   -3.1145   -0.3937   -1.2009   -2.4757   -3.3799   -3.8849 
 -19.7182  -14.5777   -3.3115   -0.3959   -1.2002   -2.4751   -3.3790   -3.8846 
 -19.2558  -14.0070   -3.2352   -0.3969   -1.1999   -2.4726   -3.3778   -3.8835 
 -17.5559  -12.9274   -3.0641   -0.3975   -1.1992   -2.4713   -3.3762   -3.8828 
 -18.5171  -13.3850   -3.1369   -0.3989   -1.1987   -2.4691   -3.3743   -3.8815 
 -18.6350  -14.2068   -3.3837   -0.3989   -1.1985   -2.4683   -3.3733   -3.8827 
 -21.8324  -14.0324   -3.1779   -0.3999   -1.1982   -2.4667   -3.3713   -3.8811 
 -17.6505  -13.5692   -3.2777   -0.4014   -1.1974   -2.4652   -3.3702   -3.8808 
 -14.9029  -12.2445   -3.1161   -0.4023   -1.1968   -2.4630   -3.3693   -3.8798 
 -11.8462   -9.8246   -2.6402   -0.4020   -1.1960   -2.4622   -3.3680   -3.8789 
 -11.4439   -8.8093   -2.3596   -0.4007   -1.1956   -2.4604   -3.3662   -3.8773 
 -13.4230  -10.1445   -2.4513   -0.4021   -1.1964   -2.4595   -3.3651   -3.8774 
 -13.1613  -10.0271   -2.5147   -0.4028   -1.1947   -2.4564   -3.3628   -3.8771 
 -14.8828  -10.1008   -2.4182   -0.4036   -1.1953   -2.4565   -3.3613   -3.8765 
 -11.8006   -9.1800   -2.3694   -0.4042   -1.1941   -2.4542   -3.3605   -3.8751 
 -10.5482   -8.0026   -2.1286   -0.4041   -1.1944   -2.4524   -3.3597   -3.8749 
 -10.5854   -7.9172   -2.0653   -0.4050   -1.1932   -2.4504   -3.3582   -3.8751 
 -10.8762   -7.9362   -2.0184   -0.4062   -1.1930   -2.4500   -3.3566   -3.8740 
 -10.9297   -8.1199   -2.0399   -0.4066   -1.1928   -2.4481   -3.3543   -3.8733 
 -12.5660   -8.7630   -2.0951   -0.4069   -1.1927   -2.4473   -3.3538   -3.8717 
 -20.9051  -12.9961   -2.6617   -0.4101   -1.1930   -2.4452   -3.3523   -3.8714 
 -23.5423  -16.3965   -3.4123   -0.4124   -1.1914   -2.4437   -3.3504   -3.8707 
 -24.0086  -17.6633   -3.8355   -0.4158   -1.1921   -2.4415   -3.3493   -3.8704 
 -14.7214  -11.4880   -2.8990   -0.4153   -1.1909   -2.4410   -3.3471   -3.8704 
 -12.6879   -9.2803   -2.4435   -0.4151   -1.1910   -2.4391   -3.3462   -3.8690 
 -11.1846   -9.7938   -2.5468   -0.4162   -1.1909   -2.4379   -3.3457   -3.8689 
  -3.4285   -4.2780   -1.7787   -0.4144   -1.1898   -2.4360   -3.3434   -3.8676 
 -15.0108   -8.8816   -2.0261   -0.4160   -1.1899   -2.4343   -3.3424   -3.8681 
 -18.7711  -12.8724   -2.8426   -0.4188   -1.1899   -2.4320   -3.3411   -3.8667 
 -11.8729  -10.4643   -2.7017   -0.4210   -1.1880   -2.4318   -3.3396   -3.8658 
  -7.5501   -6.7109   -2.0428   -0.4195   -1.1887   -2.4303   -3.3378   -3.8653 
  -4.8259   -4.8361   -1.6698   -0.4203   -1.1885   -2.4293   -3.3365   -3.8644 
  -8.1103   -5.8746   -1.6298   -0.4206   -1.1875   -2.4269   -3.3350   -3.8642 
  -8.5586   -6.3081   -1.7473   -0.4208   -1.1877   -2.4255   -3.3341   -3.8630 
 -13.1459   -9.9242   -2.3558   -0.4236   -1.1874   -2.4243   -3.3321   -3.8626 
 -12.2627   -9.6596   -2.4116   -0.4244   -1.1876   -2.4226   -3.3308   -3.8620 
  -9.8214   -7.7387   -2.0857   -0.4248   -1.1869   -2.4204   -3.3300   -3.8612 
  -8.3024   -6.5242   -1.8296   -0.4261   -1.1865   -2.4193   -3.3285   -3.8605 
  -9.8928   -7.6041   -1.8498   -0.4265   -1.1869   -2.4182   -3.3271   -3.8605 
 -11.4314   -7.1876   -1.7364   -0.4268   -1.1858   -2.4166   -3.3256   -3.8593 
 -12.5857   -9.1627   -2.0450   -0.4292   -1.1857   -2.4150   -3.3244   -3.8584 
 -16.7253  -10.9556   -2.3879   -0.4301   -1.1860   -2.4132   -3.3229   -3.8585 
 -12.1404  -10.2200   -2.4404   -0.4338   -1.1857   -2.4130   -3.3210   -3.8569 
 -10.2418   -9.0423   -2.3930   -0.4332   -1.1863   -2.4098   -3.3206   -3.8570 
 -12.5507   -9.0229   -2.2118   -0.4341   -1.1854   -2.4093   -3.3184   -3.8559 
 -15.0374  -10.8823   -2.4740   -0.4366   -1.1846   -2.4086   -3.3177   -3.8553 
 -13.3678   -9.3842   -2.2733   -0.4385   -1.1852   -2.4060   -3.3160   -3.8548 
 -14.9922  -10.1584   -2.3522   -0.4382   -1.1853   -2.4051   -3.3142   -3.8531 
 -12.1518   -8.6160   -2.1365   -0.4394   -1.1851   -2.4041   -3.3130   -3.8531 
 -14.6035   -9.6580   -2.1335   -0.4411   -1.1843   -2.4022   -3.3120   -3.8517 
 -28.2841  -17.7805   -3.5491   -0.4455   -1.1845   -2.4007   -3.3107   -3.8522 
 -32.4661  -23.3201   -4.9145   -0.4509   -1.1851   -2.3997   -3.3098   -3.8507 
 -25.8550  -21.3609   -5.0707   -0.4566   -1.1848   -2.3983   -3.3076   -3.8503 
 -19.6206  -13.4660   -3.3320   -0.4533   -1.1843   -2.3965   -3.3068   -3.8504 
 -17.1715  -11.6745   -3.0090   -0.4549   -1.1839   -2.3951   -3.3048   -3.8486 
 -17.0512  -11.5407   -2.9629   -0.4563   -1.1834   -2.3937   -3.3038   -3.8485 
 -16.9416  -11.7405   -3.0350   -0.4587   -1.1833   -2.3927   -3.3029   -3.8473 
 -17.9621  -12.5921   -3.2130   -0.4617   -1.1839   -2.3919   -3.3012   -3.8470 
 -17.9086  -12.8695   -3.3036   -0.4624   -1.1837   -2.3900   -3.3001   -3.8463 
 -21.9456  -14.7230   -3.5763   -0.4661   -1.1838   -2.3883   -3.2986   -3.8464 
 -28.7874  -19.9825   -4.6376   -0.4718   -1.1831   -2.3867   -3.2971   -3.8453 
 -30.4141  -22.1820   -5.2758   -0.4763   -1.1837   -2.3856   -3.2959   -3.8450 
 -21.3565  -18.2911   -4.9209   -0.4812   -1.1840   -2.3839   -3.2944   -3.8435 
 -29.2774  -20.7293   -5.0938   -0.4843   -1.1833   -2.3829   -3.2925   -3.8433 
 -20.5197  -17.4076   -4.8410   -0.4874   -1.1839   -2.3816   -3.2916   -3.8422 
 -27.8223  -19.6921   -4.9569   -0.4933   -1.1830   -2.3808   -3.2912   -3.8418 
 -27.2653  -21.1033   -5.4298   -0.4987   -1.1831   -2.3795   -3.2883   -3.8406 
 -20.4538  -17.0898   -4.9493   -0.5025   -1.1829   -2.3791   -3.2880   -3.8413 
 -17.5058  -13.5851   -4.1102   -0.5048   -1.1823   -2.3764   -3.2863   -3.8392 
 -18.3236  -14.1947   -4.0679   -0.5075   -1.1825   -2.3756   -3.2850   -3.8387 
 -16.9255  -12.7699   -3.7206   -0.5109   -1.1833   -2.3737   -3.2842   -3.8377 
 -15.6747  -11.2979   -3.3194   -0.5129   -1.1829   -2.3719   -3.2829   -3.8374 
 -14.2853  -10.3293   -3.0890   -0.5149   -1.1821   -2.3710   -3.2810   -3.8367 
 -13.4874   -9.9213   -2.9811   -0.5175   -1.1821   -2.3697   -3.2797   -3.8355 
 -13.8742  -10.2286   -2.9626   -0.5208   -1.1832   -2.3679   -3.2791   -3.8354 
 -12.7827   -9.5143   -2.8559   -0.5236   -1.1826   -2.3680   -3.2779   -3.8344 
 -12.6863   -9.1709   -2.7253   -0.5265   -1.1826   -2.3658   -3.2761   -3.8335 
 -12.5661   -8.9992   -2.6506   -0.5300   -1.1825   -2.3650   -3.2759   -3.8339 
 -13.1799   -9.1824   -2.6724   -0.5328   -1.1829   -2.3633   -3.2740   -3.8323 
 -23.7961  -13.8865   -3.4736   -0.5392   -1.1831   -2.3630   -3.2713   -3.8323 
 -25.6828  -17.8017   -4.4650   -0.5474   -1.1836   -2.3602   -3.2707   -3.8306 
 -22.0389  -16.3406   -4.3940   -0.5533   -1.1840   -2.3591   -3.2699   -3.8305 
 -23.0609  -16.5757   -4.4726   -0.5599   -1.1837   -2.3582   -3.2685   -3.8307 
 -25.3365  -18.0928   -4.8205   -0.5677   -1.1834   -2.3571   -3.2668   -3.8300 
 -21.4230  -16.8289   -4.7722   -0.5754   -1.1837   -2.3560   -3.2658   -3.8291 
 -18.5107  -14.8859   -4.4604   -0.5822   -1.1836   -2.3545   -3.2645   -3.8285 
 -17.3131  -13.6450   -4.1879   -0.5892   -1.1833   -2.3533   -3.2633   -3.8274 
 -19.5647  -14.1626   -4.2101   -0.5956   -1.1842   -2.3522   -3.2616   -3.8259 
 -21.0954  -14.7502   -4.2621   -0.6036   -1.1838   -2.3510   -3.2608   -3.8260 
 -21.8367  -17.5347   -4.9586   -0.6150   -1.1847   -2.3500   -3.2590   -3.8252 
 -18.8342  -14.5471   -4.4023   -0.6235   -1.1848   -2.3486   -3.2586   -3.8253 
 -20.0577  -13.4374   -3.8225   -0.6299   -1.1838   -2.3465   -3.2572   -3.8234 
 -23.6164  -16.0093   -4.4152   -0.6395   -1.1852   -2.3469   -3.2551   -3.8241 
 -30.2233  -20.8276   -5.4235   -0.6516   -1.1863   -2.3455   -3.2551   -3.8224 
 -37.3642  -27.0493   -7.0034   -0.6684   -1.1855   -2.3437   -3.2529   -3.8221 
 -38.8375  -29.9031   -8.0171   -0.6878   -1.1858   -2.3426   -3.2513   -3.8216 
 -37.4000  -29.4807   -8.3296   -0.7107   -1.1859   -2.3406   -3.2500   -3.8212 
 -37.7760  -30.0549   -8.6842   -0.7349   -1.1876   -2.3397   -3.2496   -3.8192 
 -36.8041  -29.6105   -8.8382   -0.7653   -1.1874   -2.3394   -3.2487   -3.8194 
 -35.8829  -28.6573   -8.8174   -0.8020   -1.1875   -2.3382   -3.2458   -3.8181 
 -32.7164  -26.5734   -8.5707   -0.8439   -1.1884   -2.3365   -3.2457   -3.8185 
 -23.5056  -21.2211   -7.7011   -0.8893   -1.1885   -2.3369   -3.2450   -3.8174 
 -25.6515  -19.3401   -7.0373   -0.9383   -1.1889   -2.3352   -3.2427   -3.8170 
 -23.0498  -16.8733   -6.4515   -0.9890   -1.1890   -2.3349   -3.2420   -3.8160 
 -30.9699  -22.3230   -7.3201   -1.0437   -1.1894   -2.3325   -3.2407   -3.8144 
 -32.0191  -23.6867   -7.6811   -1.0983   -1.1899   -2.3317   -3.2390   -3.8143 
 -32.0449  -24.2705   -7.8856   -1.1553   -1.1913   -2.3313   -3.2378   -3.8134 
 -31.7824  -24.3998   -8.0130   -1.2134   -1.1929   -2.3292   -3.2370   -3.8129 
 -28.4892  -22.9738   -7.8490   -1.2718   -1.1930   -2.3281   -3.2353   -3.8124 
 -27.8193  -20.9226   -7.3619   -1.3298   -1.1930   -2.3273   -3.2341   -3.8124 
 -18.7123  -16.2824   -6.5145   -1.3853   -1.1937   -2.3261   -3.2336   -3.8112 
 -11.9950  -10.6245   -5.2961   -1.4342   -1.1948   -2.3252   -3.2318   -3.8099 
 -18.9067  -13.0517   -5.3814   -1.4779   -1.1948   -2.3249   -3.2308   -3.8093 
 -12.4492  -10.5697   -4.9472   -1.5150   -1.1959   -2.3242   -3.2282   -3.8083 
  -9.9896   -7.8350   -4.3162   -1.5450   -1.1969   -2.3234   -3.2287   -3.8077 
 -12.4520   -9.6017   -4.4155   -1.5693   -1.1989   -2.3216   -3.2271   -3.8062 
 -14.1697  -10.9578   -4.6131   -1.5892   -1.2004   -2.3209   -3.2258   -3.8061 
  -9.3455   -8.1073   -4.0449   -1.6054   -1.2027   -2.3202   -3.2243   -3.8051 
  -9.8439   -7.9469   -3.8676   -1.6167   -1.2052   -2.3191   -3.2239   -3.8053 
 -12.3724   -8.8919   -3.9880   -1.6283   -1.2069   -2.3183   -3.2226   -3.8043 
 -12.3639   -8.6750   -3.8689   -1.6386   -1.2089   -2.3171   -3.2210   -3.8030 
 -12.8907   -9.3577   -3.9169   -1.6467   -1.2121   -2.3154   -3.2202   -3.8025 
 -12.6547   -9.1420   -3.8920   -1.6546   -1.2162   -2.3146   -3.2190   -3.8009 
 -11.3773   -8.7364   -3.7328   -1.6614   -1.2201   -2.3135   -3.2184   -3.8015 
 -12.9965   -9.5809   -3.8734   -1.6679   -1.2245   -2.3132   -3.2170   -3.8006 
 -14.4587  -10.3484   -4.0456   -1.6777   -1.2289   -2.3119   -3.2160   -3.7995 
 -15.4536  -10.7439   -4.1683   -1.6886   -1.2356   -2.3115   -3.2144   -3.7995 
 -21.4957  -14.6163   -4.8997   -1.7047   -1.2408   -2.3106   -3.2130   -3.7983 
 -18.1081  -13.4312   -4.8571   -1.7219   -1.2479   -2.3096   -3.2114   -3.7975 
 -17.2825  -12.7642   -4.7494   -1.7412   -1.2545   -2.3093   -3.2097   -3.7971 
 -16.9980  -12.4605   -4.6940   -1.7602   -1.2608   -2.3090   -3.2092   -3.7962 
 -19.0513  -13.3637   -4.8526   -1.7802   -1.2688   -2.3065   -3.2087   -3.7967 
 -22.4733  -15.2184   -5.2140   -1.8011   -1.2765   -2.3063   -3.2072   -3.7955 
 -29.2310  -20.6517   -6.4308   -1.8280   -1.2861   -2.3044   -3.2069   -3.7947 
 -31.3345  -22.5169   -7.0739   -1.8616   -1.2935   -2.3041   -3.2050   -3.7936 
 -35.4318  -26.3732   -8.2211   -1.9058   -1.3027   -2.3036   -3.2027   -3.7939 
 -36.6440  -27.8235   -8.8842   -1.9599   -1.3119   -2.3031   -3.2038   -3.7929 
 -36.2805  -28.6048   -9.4088   -2.0269   -1.3217   -2.3019   -3.2016   -3.7925 
 -39.3328  -31.0673  -10.1834   -2.1067   -1.3300   -2.3015   -3.2001   -3.7912 
 -34.1525  -27.3777   -9.6332   -2.1957   -1.3408   -2.3012   -3.1990   -3.7904 
 -38.5389  -29.7775  -10.2030   -2.2949   -1.3512   -2.3003   -3.1990   -3.7901 
 -35.0736  -27.3104   -9.8569   -2.3973   -1.3619   -2.2997   -3.1968   -3.7897 
 -33.6083  -26.0717   -9.7052   -2.5008   -1.3714   -2.2994   -3.1962   -3.7888 
 -28.9844  -22.0071   -8.8989   -2.6013   -1.3825   -2.2986   -3.1942   -3.7884 
 -26.1916  -19.5736   -8.3450   -2.6940   -1.3941   -2.2984   -3.1946   -3.7862 
 -25.7486  -18.9465   -8.1235   -2.7776   -1.4055   -2.2976   -3.1938   -3.7863 
 -25.0474  -18.1412   -7.9056   -2.8484   -1.4174   -2.2968   -3.1918   -3.7851 
 -23.9544  -17.4476   -7.7193   -2.9113   -1.4307   -2.2956   -3.1911   -3.7850 
 -23.6760  -17.2270   -7.5799   -2.9669   -1.4438   -2.2959   -3.1887   -3.7839 
 -30.2440  -20.1555   -8.2573   -3.0202   -1.4576   -2.2961   -3.1884   -3.7834 
 -36.2640  -24.9383   -9.4633   -3.0821   -1.4727   -2.2951   -3.1873   -3.7823 
 -33.0009  -24.5127   -9.5922   -3.1472   -1.4875   -2.2950   -3.1866   -3.7818 
 -32.4160  -23.2148   -9.3315   -3.2140   -1.5040   -2.2953   -3.1857   -3.7821 
 -24.5514  -19.9152   -8.7829   -3.2834   -1.5206   -2.2949   -3.1848   -3.7807 
 -29.7047  -21.2278   -8.8764   -3.3487   -1.5382   -2.2940   -3.1829   -3.7796 
 -30.1752  -21.8105   -9.0348   -3.4100   -1.5570   -2.2948   -3.1817   -3.7789 
 -24.7982  -20.0447   -8.8383   -3.4688   -1.5759   -2.2940   -3.1814   -3.7781 
 -25.2124  -17.5509   -8.1916   -3.5233   -1.5947   -2.2942   -3.1806   -3.7776 
 -28.1753  -20.3404   -8.7969   -3.5768   -1.6155   -2.2931   -3.1796   -3.7766 
 -33.9166  -24.1771   -9.6691   -3.6318   -1.6364   -2.2940   -3.1775   -3.7768 
 -32.9818  -24.6479  -10.0621   -3.6909   -1.6582   -2.2940   -3.1779   -3.7756 
 -22.8667  -19.0342   -9.1151   -3.7547   -1.6805   -2.2934   -3.1756   -3.7752 
 -23.3236  -20.9545   -9.3805   -3.8200   -1.7031   -2.2945   -3.1757   -3.7746 
 -20.1418  -16.6305   -8.2070   -3.8733   -1.7274   -2.2942   -3.1740   -3.7739 
 -22.3611  -17.8242   -8.3681   -3.9175   -1.7517   -2.2941   -3.1733   -3.7736 
 -26.9464  -21.2205   -9.1709   -3.9596   -1.7763   -2.2938   -3.1723   -3.7731 
 -32.1982  -24.4492   -9.9027   -4.0092   -1.8011   -2.2943   -3.1711   -3.7727 
 -19.0514  -17.2748   -8.7306   -4.0586   -1.8275   -2.2952   -3.1695   -3.7696 
 -21.1029  -16.8999   -8.4640   -4.1081   -1.8527   -2.2952   -3.1691   -3.7701 
 -17.0616  -15.0134   -8.0286   -4.1532   -1.8801   -2.2958   -3.1677   -3.7692 
 -18.5887  -14.7627   -7.8048   -4.1875   -1.9077   -2.2961   -3.1673   -3.7690 
 -19.2787  -14.8618   -7.7668   -4.2168   -1.9355   -2.2965   -3.1657   -3.7673 
 -31.0757  -22.9353   -9.4433   -4.2492   -1.9629   -2.2973   -3.1647   -3.7666 
 -33.5880  -25.4077  -10.2813   -4.2901   -1.9914   -2.2988   -3.1639   -3.7668 
 -28.1930  -22.4734   -9.9223   -4.3418   -2.0193   -2.2985   -3.1636   -3.7665 
 -23.9333  -19.7796   -9.3656   -4.3939   -2.0476   -2.2993   -3.1625   -3.7652 
 -24.8174  -18.9724   -9.1355   -4.4387   -2.0772   -2.3003   -3.1620   -3.7648 
 -21.0855  -17.2175   -8.8207   -4.4763   -2.1058   -2.3005   -3.1595   -3.7643 
 -20.7273  -15.8858   -8.3825   -4.5084   -2.1350   -2.3012   -3.1587   -3.7625 
 -23.1961  -17.3307   -8.5726   -4.5359   -2.1642   -2.3032   -3.1585   -3.7623 
 -31.6829  -23.2924   -9.8553   -4.5644   -2.1933   -2.3035   -3.1575   -3.7614 
 -31.1252  -22.0591   -9.6786   -4.5984   -2.2241   -2.3058   -3.1563   -3.7615 
 -29.3037  -21.5309   -9.6195   -4.6344   -2.2521   -2.3058   -3.1557   -3.7601 
 -25.5175  -20.6746   -9.5784   -4.6716   -2.2816   -2.3078   -3.1546   -3.7604 
 -22.0125  -17.1879   -8.8677   -4.7053   -2.3110   -2.3091   -3.1532   -3.7578 
 -26.0657  -19.0605   -9.0922   -4.7386   -2.3392   -2.3098   -3.1529   -3.7580 
 -25.9249  -20.0497   -9.4062   -4.7695   -2.3691   -2.3115   -3.1515   -3.7573 
 -20.6528  -18.0350   -9.1483   -4.8029   -2.3975   -2.3127   -3.1517   -3.7573 
 -17.4932  -15.5073   -8.5654   -4.8327   -2.4263   -2.3155   -3.1502   -3.7559 
 -14.4691  -13.2555   -7.9961   -4.8546   -2.4552   -2.3173   -3.1495   -3.7563 
 -14.3390  -12.4587   -7.6800   -4.8687   -2.4840   -2.3190   -3.1491   -3.7546 
 -16.4861  -12.4700   -7.4341   -4.8743   -2.5131   -2.3204   -3.1479   -3.7540 
 -25.1562  -16.3759   -8.1557   -4.8778   -2.5407   -2.3220   -3.1464   -3.7522 
 -19.2300  -15.1472   -8.0608   -4.8824   -2.5688   -2.3246   -3.1453   -3.7515 
 -16.8000  -14.2228   -7.8521   -4.8870   -2.5967   -2.3269   -3.1456   -3.7520 
 -19.8943  -13.7986   -7.6400   -4.8882   -2.6248   -2.3283   -3.1445   -3.7514 
 -11.8839  -11.4007   -7.2599   -4.8868   -2.6520   -2.3313   -3.1437   -3.7503 
 -14.2335  -10.9695   -7.0220   -4.8822   -2.6788   -2.3333   -3.1424   -3.7501 
 -12.9048  -11.0635   -6.9716   -4.8766   -2.7053   -2.3359   -3.1421   -3.7488 
 -10.9368  -10.2826   -6.8242   -4.8701   -2.7317   -2.3384   -3.1411   -3.7486 
 -11.9835   -9.8339   -6.5927   -4.8594   -2.7568   -2.3412   -3.1407   -3.7474 
 -14.3607  -12.1999   -6.9259   -4.8498   -2.7822   -2.3433   -3.1403   -3.7474 
 -18.0427  -14.9119   -7.5968   -4.8467   -2.8073   -2.3472   -3.1392   -3.7460 
 -18.9829  -15.0758   -7.8396   -4.8551   -2.8309   -2.3493   -3.1386   -3.7455 
 -20.0068  -16.1316   -8.0869   -4.8706   -2.8555   -2.3523   -3.1378   -3.7451 
 -26.1599  -18.9187   -8.5451   -4.8863   -2.8783   -2.3553   -3.1355   -3.7447 
 -24.1656  -18.4523   -8.6870   -4.9057   -2.8999   -2.3579   -3.1362   -3.7443 
 -25.3118  -19.0240   -8.8785   -4.9278   -2.9222   -2.3615   -3.1361   -3.7429 
 -28.7992  -21.7548   -9.4273   -4.9521   -2.9444   -2.3646   -3.1339   -3.7434 
 -34.7626  -24.7133   -9.9544   -4.9802   -2.9655   -2.3676   -3.1335   -3.7424 
 -34.8045  -27.8429  -11.2358   -5.0203   -2.9865   -2.3716   -3.1322   -3.7411 
 -30.5815  -24.0109  -10.4395   -5.0684   -3.0072   -2.3752   -3.1320   -3.7398 
 -28.3919  -22.1425   -9.9492   -5.1144   -3.0260   -2.3791   -3.1322   -3.7402 
 -32.2361  -25.5059  -10.6290   -5.1574   -3.0463   -2.3821   -3.1302   -3.7400 
 -29.6623  -23.8235  -10.4172   -5.1965   -3.0655   -2.3868   -3.1306   -3.7388 
 -18.6685  -17.9212   -9.3511   -5.2308   -3.0851   -2.3916   -3.1298   -3.7390 
 -18.2100  -16.1420   -8.8458   -5.2562   -3.1053   -2.3944   -3.1289   -3.7364 
 -17.5948  -15.7087   -8.7406   -5.2782   -3.1248   -2.3982   -3.1281   -3.7369 
 -18.5720  -15.4330   -8.6163   -5.2996   -3.1432   -2.4027   -3.1276   -3.7369 
 -16.6733  -14.8771   -8.5296   -5.3210   -3.1640   -2.4065   -3.1283   -3.7352 
 -15.7897  -13.7846   -8.2552   -5.3366   -3.1835   -2.4108   -3.1270   -3.7344 
 -15.6139  -13.1882   -8.0067   -5.3462   -3.2035   -2.4150   -3.1254   -3.7334 
 -15.8967  -13.5413   -8.0173   -5.3507   -3.2235   -2.4201   -3.1255   -3.7334 
 -16.9776  -14.0079   -8.0967   -5.3535   -3.2443   -2.4253   -3.1248   -3.7331 
 -25.1453  -16.4765   -8.3816   -5.3595   -3.2647   -2.4294   -3.1236   -3.7321 
 -25.5811  -19.8556   -9.3974   -5.3733   -3.2853   -2.4332   -3.1247   -3.7318 
 -32.2476  -24.9085  -10.6540   -5.3983   -3.3058   -2.4384   -3.1240   -3.7314 
 -23.7842  -20.5840  -10.0066   -5.4333   -3.3261   -2.4427   -3.1232   -3.7302 
 -16.6959  -16.5324   -9.2470   -5.4683   -3.3467   -2.4478   -3.1229   -3.7294 
 -11.5835  -12.2543   -8.2368   -5.4931   -3.3668   -2.4520   -3.1224   -3.7286 
  -6.1137   -8.6435   -7.6124   -5.5058   -3.3869   -2.4580   -3.1217   -3.7282 
  -4.6313   -6.8096   -7.1640   -5.5063   -3.4066   -2.4626   -3.1211   -3.7275 
  -3.2491   -4.2074   -6.8148   -5.4964   -3.4256   -2.4681   -3.1210   -3.7270 
  -5.1346   -5.3513   -6.6052   -5.4801   -3.4456   -2.4730   -3.1208   -3.7274 
 -20.7928  -13.2071   -7.2968   -5.4621   -3.4660   -2.4779   -3.1207   -3.7257 
 -21.9135  -17.1225   -8.2859   -5.4475   -3.4856   -2.4823   -3.1208   -3.7250 
 -18.7395  -14.9926   -7.9434   -5.4382   -3.5060   -2.4876   -3.1199   -3.7246 
 -17.1635  -16.1311   -8.2505   -5.4341   -3.5236   -2.4927   -3.1195   -3.7225 
 -15.8843  -14.6891   -8.1072   -5.4300   -3.5422   -2.4982   -3.1187   -3.7236 
  -6.0204   -8.7404   -7.1321   -5.4237   -3.5606   -2.5044   -3.1187   -3.7229 
  -7.6913   -8.4905   -6.7858   -5.4117   -3.5780   -2.5094   -3.1183   -3.7221 
  -5.9017   -7.1571   -6.5498   -5.3960   -3.5954   -2.5151   -3.1176   -3.7219 
  -7.5033   -6.8537   -6.3749   -5.3792   -3.6120   -2.5203   -3.1185   -3.7206 
 -17.7384  -11.0860   -6.7061   -5.3641   -3.6285   -2.5267   -3.1176   -3.7202 
 -13.5859  -10.8795   -6.7842   -5.3500   -3.6445   -2.5314   -3.1178   -3.7189 
 -18.0084  -15.0001   -7.7612   -5.3434   -3.6610   -2.5366   -3.1169   -3.7182 
 -22.6300  -18.2227   -8.6361   -5.3571   -3.6758   -2.5427   -3.1177   -3.7181 
 -28.8232  -22.1703   -9.5453   -5.3892   -3.6902   -2.5480   -3.1171   -3.7176 
 -30.5296  -22.5671   -9.7701   -5.4289   -3.7042   -2.5544   -3.1171   -3.7169 
 -32.1222  -25.5847  -10.8431   -5.4764   -3.7176   -2.5603   -3.1168   -3.7167 
 -37.0378  -29.4291  -11.8355   -5.5352   -3.7319   -2.5660   -3.1166   -3.7166 
 -30.6218  -24.5444  -10.9051   -5.5959   -3.7458   -2.5718   -3.1166   -3.7154 
 -37.0337  -29.2397  -12.0052   -5.6596   -3.7592   -2.5777   -3.1167   -3.7148 
 -31.9327  -26.9112  -11.7913   -5.7219   -3.7734   -2.5834   -3.1149   -3.7139 
 -21.8283  -19.6714  -10.2967   -5.7774   -3.7861   -2.5901   -3.1163   -3.7136 
 -19.8882  -17.8130   -9.8551   -5.8231   -3.8006   -2.5955   -3.1167   -3.7135 
 -18.3334  -16.7796   -9.5678   -5.8582   -3.8149   -2.6017   -3.1170   -3.7124 
 -18.4935  -15.3813   -9.0330   -5.8822   -3.8288   -2.6081   -3.1177   -3.7115 
 -21.7862  -18.0580   -9.4499   -5.9023   -3.8439   -2.6149   -3.1168   -3.7125 
 -12.9931  -13.4613   -8.6944   -5.9140   -3.8590   -2.6211   -3.1176   -3.7101 
 -14.8167  -12.3427   -8.2187   -5.9199   -3.8748   -2.6273   -3.1171   -3.7097 
 -21.4312  -15.5245   -8.6323   -5.9241   -3.8897   -2.6325   -3.1172   -3.7086 
 -10.8078  -12.2857   -8.3163   -5.9266   -3.9057   -2.6398   -3.1178   -3.7079 
 -13.1564  -11.3045   -7.8507   -5.9263   -3.9228   -2.6456   -3.1171   -3.7080 
 -13.5460  -11.7237   -7.8657   -5.9215   -3.9387   -2.6521   -3.1185   -3.7082 
 -15.4430  -13.2005   -8.1604   -5.9193   -3.9558   -2.6586   -3.1179   -3.7069 
 -14.3097  -12.0626   -7.9305   -5.9172   -3.9722   -2.6645   -3.1183   -3.7062 
 -18.3792  -13.5640   -8.0568   -5.9150   -3.9887   -2.6709   -3.1187   -3.7059 
 -28.6548  -20.4439   -9.3492   -5.9163   -4.0058   -2.6783   -3.1189   -3.7051 
 -19.5163  -16.4565   -8.8842   -5.9249   -4.0223   -2.6851   -3.1182   -3.7049 
 -20.1559  -15.5170   -8.6513   -5.9347   -4.0381   -2.6905   -3.1186   -3.7035 
 -33.8369  -24.5609  -10.3051   -5.9473   -4.0542   -2.6966   -3.1190   -3.7030 
 -25.8940  -21.1402   -9.9669   -5.9663   -4.0702   -2.7036   -3.1198   -3.7041 
 -33.9561  -27.1902  -11.5965   -6.0042   -4.0866   -2.7100   -3.1209   -3.7034 
 -26.5577  -22.1389  -10.7141   -6.0467   -4.1017   -2.7159   -3.1208   -3.7021 
 -20.7170  -17.5252   -9.6485   -6.0850   -4.1163   -2.7239   -3.1208   -3.7020 
 -26.0228  -19.4990   -9.7915   -6.1107   -4.1315   -2.7305   -3.1213   -3.7008 
 -15.6380  -16.2218   -9.4583   -6.1273   -4.1461   -2.7373   -3.1222   -3.7002 
  -5.5350   -9.8630   -8.4109   -6.1364   -4.1604   -2.7436   -3.1225   -3.6985 
 -18.5996  -14.5996   -8.6237   -6.1377   -4.1766   -2.7507   -3.1232   -3.6983 
  -7.7148  -10.7930   -8.3358   -6.1363   -4.1911   -2.7570   -3.1246   -3.6984 
  -5.6885   -7.5981   -7.6500   -6.1294   -4.2055   -2.7637   -3.1246   -3.6977 
 -19.5898  -14.9204   -8.4430   -6.1235   -4.2206   -2.7703   -3.1250   -3.6971 
 -24.3068  -18.5728   -9.1710   -6.1225   -4.2359   -2.7767   -3.1251   -3.6968 
 -10.1953  -11.4695   -8.2151   -6.1238   -4.2499   -2.7837   -3.1265   -3.6959 
 -22.2364  -16.9590   -8.8726   -6.1260   -4.2654   -2.7912   -3.1268   -3.6965 
 -24.1201  -19.5250   -9.5262   -6.1309   -4.2798   -2.7967   -3.1263   -3.6949 
 -11.6260  -12.4236   -8.4037   -6.1386   -4.2938   -2.8035   -3.1273   -3.6934 
 -23.7280  -18.1270   -9.1629   -6.1464   -4.3077   -2.8111   -3.1281   -3.6939 
 -27.5143  -22.2122  -10.1333   -6.1581   -4.3222   -2.8177   -3.1289   -3.6929 
 -12.6312  -13.8882   -8.8413   -6.1746   -4.3362   -2.8246   -3.1298   -3.6931 
 -23.6937  -18.8894   -9.5118   -6.1928   -4.3499   -2.8308   -3.1304   -3.6922 
 -28.2872  -23.6930  -10.6753   -6.2148   -4.3621   -2.8381   -3.1320   -3.6915 
 -15.7043  -15.5572   -9.3418   -6.2407   -4.3763   -2.8448   -3.1323   -3.6910 
 -31.0142  -24.7213  -11.0280   -6.2753   -4.3895   -2.8518   -3.1324   -3.6900 
 -29.4270  -25.7760  -11.6920   -6.3182   -4.4034   -2.8587   -3.1334   -3.6903 
 -13.4499  -14.5310   -9.6145   -6.3611   -4.4162   -2.8657   -3.1348   -3.6890 
 -20.5730  -17.1031   -9.6730   -6.3984   -4.4289   -2.8721   -3.1359   -3.6887 
 -26.8165  -23.7705  -11.1898   -6.4316   -4.4422   -2.8798   -3.1364   -3.6891 
  -5.3210  -10.0617   -9.4557   -6.4619   -4.4560   -2.8861   -3.1374   -3.6879 
  -5.7386   -7.1035   -8.3140   -6.4800   -4.4701   -2.8932   -3.1392   -3.6866 
  -9.2216   -8.7441   -7.9622   -6.4790   -4.4829   -2.9001   -3.1391   -3.6870 
  -4.6538   -6.2081   -7.6568   -6.4668   -4.4976   -2.9072   -3.1403   -3.6860 
 -11.4891  -10.4172   -7.8968   -6.4486   -4.5120   -2.9141   -3.1414   -3.6857 
 -17.3816  -16.8856   -9.2021   -6.4345   -4.5266   -2.9210   -3.1419   -3.6850 
  -6.9319   -9.4291   -8.0480   -6.4239   -4.5406   -2.9286   -3.1437   -3.6837 
 -26.3262  -21.1407   -9.9923   -6.4225   -4.5550   -2.9346   -3.1446   -3.6842 
 -23.5243  -20.9903  -10.4572   -6.4361   -4.5687   -2.9426   -3.1449   -3.6840 
 -11.3940  -12.3725   -8.9363   -6.4609   -4.5821   -2.9503   -3.1466   -3.6830 
 -22.4449  -19.8636  -10.1109   -6.4801   -4.5958   -2.9569   -3.1472   -3.6827 
 -12.0036  -13.1411   -8.9698   -6.4912   -4.6094   -2.9633   -3.1490   -3.6822 
  -4.7514   -6.9060   -8.1100   -6.4923   -4.6226   -2.9703   -3.1499   -3.6812 
  -6.8801   -7.8255   -7.7064   -6.4785   -4.6354   -2.9775   -3.1515   -3.6811 
  -8.5792   -8.6989   -7.5677   -6.4586   -4.6476   -2.9851   -3.1520   -3.6809 
  -4.3494   -6.1827   -7.3586   -6.4334   -4.6601   -2.9918   -3.1531   -3.6799 
 -15.0295  -11.2306   -7.6146   -6.4072   -4.6727   -2.9992   -3.1544   -3.6797 
  -8.9280   -9.0320   -7.4058   -6.3807   -4.6847   -3.0061   -3.1560   -3.6794 
  -2.9712   -4.8162   -7.0624   -6.3551   -4.6971   -3.0138   -3.1566   -3.6785 
 -20.9706  -16.1595   -8.2983   -6.3336   -4.7077   -3.0198   -3.1581   -3.6784 
 -19.3813  -19.4229   -9.5141   -6.3247   -4.7187   -3.0282   -3.1589   -3.6785 
  -4.2501   -8.2380   -7.9031   -6.3279   -4.7292   -3.0345   -3.1605   -3.6773 
 -12.8514  -11.7814   -7.9031   -6.3257   -4.7391   -3.0416   -3.1617   -3.6769 
  -8.7678  -10.2812   -7.6247   -6.3144   -4.7476   -3.0484   -3.1632   -3.6769 
 -15.3095  -12.8105   -7.8995   -6.3016   -4.7557   -3.0555   -3.1649   -3.6759 
 -21.1683  -17.1899   -8.8614   -6.2988   -4.7655   -3.0636   -3.1661   -3.6759 
 -20.8507  -17.6719   -9.2113   -6.3085   -4.7739   -3.0711   -3.1674   -3.6753 
 -18.6411  -15.3316   -8.6778   -6.3224   -4.7816   -3.0780   -3.1685   -3.6752 
 -20.2193  -16.3059   -8.8606   -6.3321   -4.7902   -3.0840   -3.1706   -3.6751 
 -22.4373  -17.8090   -9.1640   -6.3403   -4.7974   -3.0914   -3.1712   -3.6745 
 -17.5334  -14.6772   -8.6014   -6.3468   -4.8053   -3.0991   -3.1725   -3.6732 
 -28.7857  -20.2148   -9.5645   -6.3542   -4.8118   -3.1053   -3.1747   -3.6733 
 -20.7469  -18.9993   -9.7173   -6.3679   -4.8192   -3.1128   -3.1753   -3.6727 
 -14.8340  -14.4505   -8.8563   -6.3846   -4.8262   -3.1194   -3.1775   -3.6720 
 -20.5002  -14.3059   -8.6246   -6.3998   -4.8329   -3.1272   -3.1786   -3.6709 
 -17.7962  -17.3388   -9.4357   -6.4179   -4.8405   -3.1339   -3.1797   -3.6719 
  -7.8429  -10.9283   -8.3011   -6.4298   -4.8476   -3.1419   -3.1817   -3.6709 
 -23.8553  -17.2751   -9.1055   -6.4384   -4.8550   -3.1491   -3.1830   -3.6706 
 -19.0673  -18.6440   -9.6095   -6.4502   -4.8624   -3.1557   -3.1845   -3.6704 
  -7.2227  -10.4287   -8.3089   -6.4606   -4.8700   -3.1634   -3.1868   -3.6697 
  -6.7072   -9.7202   -7.9836   -6.4642   -4.8775   -3.1704   -3.1884   -3.6694 
  -2.8600   -6.9023   -7.6823   -6.4608   -4.8862   -3.1772   -3.1898   -3.6685 
   5.7314    0.1595   -4.1135   -6.4317   -4.8930   -3.1840   -3.1916   -3.6689 
  -9.9083   -7.1694   -6.0468   -6.3739   -4.9023   -3.1913   -3.1926   -3.6690 
  -3.1356   -4.7853   -6.5873   -6.3346   -4.9112   -3.1979   -3.1942   -3.6678 
   6.2867    1.2788   -5.9577   -6.3144   -4.9184   -3.2051   -3.1963   -3.6681 
  -6.2377   -5.9583   -6.2599   -6.2952   -4.9264   -3.2121   -3.1976   -3.6664 
  -4.7856   -5.5074   -6.5416   -6.2684   -4.9345   -3.2199   -3.1998   -3.6661 
   1.4097   -1.4435   -6.2351   -6.2444   -4.9426   -3.2260   -3.2015   -3.6664 
 -12.1774  -11.6031   -6.8495   -6.2182   -4.9491   -3.2330   -3.2026   -3.6667 
 -15.7432  -17.7932   -8.1827   -6.2034   -4.9569   -3.2395   -3.2041   -3.6660 
  -5.7919   -7.4825   -7.3943   -6.2186   -4.9629   -3.2473   -3.2062   -3.6649 
 -10.1882   -9.3760   -7.1746   -6.2404   -4.9686   -3.2532   -3.2086   -3.6651 
  -7.3025   -7.8476   -7.1265   -6.2467   -4.9742   -3.2609   -3.2100   -3.6644 
  -7.7904   -8.0396   -6.9380   -6.2433   -4.9805   -3.2676   -3.2107   -3.6641 
 -11.1419  -10.6989   -7.2224   -6.2347   -4.9859   -3.2742   -3.2145   -3.6643 
 -11.5068  -11.8260   -7.4715   -6.2304   -4.9910   -3.2803   -3.2149   -3.6637 
  -8.5634   -9.2610   -7.3888   -6.2344   -4.9957   -3.2872   -3.2175   -3.6641 
 -11.8113  -11.1045   -7.3785   -6.2435   -5.0000   -3.2944   -3.2187   -3.6627 
  -9.1805   -9.8665   -7.5095   -6.2538   -5.0040   -3.3007   -3.2202   -3.6625 
  -3.1142   -5.4251   -7.0551   -6.2660   -5.0077   -3.3074   -3.2231   -3.6625 
  -7.4163   -7.4610   -6.9725   -6.2692   -5.0126   -3.3148   -3.2237   -3.6610 
  -4.6620  -12.5551   -7.8565   -6.2608   -5.0175   -3.3201   -3.2262   -3.6614 
   3.6217   -0.9378   -6.9246   -6.2594   -5.0206   -3.3279   -3.2279   -3.6617 
 -13.9058  -12.1474   -7.3254   -6.2542   -5.0249   -3.3347   -3.2294   -3.6614 
  -7.6887  -12.0795   -7.9409   -6.2472   -5.0287   -3.3418   -3.2321   -3.6603 
   3.6811    0.6507   -6.6126   -6.2482   -5.0332   -3.3475   -3.2343   -3.6603 
  -7.3708   -7.6587   -6.5506   -6.2322   -5.0356   -3.3544   -3.2358   -3.6600 
  -5.1078   -8.5908   -7.1581   -6.2003   -5.0387   -3.3615   -3.2378   -3.6600 
   4.1928    0.7555   -6.2946   -6.1731   -5.0429   -3.3669   -3.2397   -3.6602 
 -12.2332  -10.0249   -6.5555   -6.1470   -5.0447   -3.3733   -3.2411   -3.6593 
  -2.4213   -5.0370   -6.7137   -6.1174   -5.0475   -3.3811   -3.2441   -3.6592 
   3.2928    0.7303   -5.5798   -6.0889   -5.0503   -3.3872   -3.2458   -3.6584 
 -13.2293  -10.0299   -5.9422   -6.0384   -5.0525   -3.3932   -3.2473   -3.6586 
  -5.0216  -11.3790   -7.0886   -5.9863   -5.0542   -3.3992   -3.2496   -3.6582 
   3.4084    0.8544   -6.0531   -5.9631   -5.0542   -3.4063   -3.2515   -3.6572 
  -4.1148   -4.5523   -5.9360   -5.9408   -5.0542   -3.4130   -3.2535   -3.6575 
  -1.8652   -3.6056   -5.8339   -5.9083   -5.0546   -3.4187   -3.2560   -3.6575 
   3.6903    0.8957   -5.2439   -5.8696   -5.0535   -3.4250   -3.2584   -3.6574 
  -5.8411   -4.4931   -5.3177   -5.8201   -5.0527   -3.4315   -3.2598   -3.6569 
  -7.1455  -13.6883   -6.8757   -5.7758   -5.0510   -3.4370   -3.2618   -3.6570 
   2.9768    0.6959   -5.6996   -5.7600   -5.0485   -3.4435   -3.2645   -3.6567 
   1.5986    0.4092   -5.1566   -5.7451   -5.0463   -3.4496   -3.2652   -3.6563 
   1.9840    0.7265   -3.8818   -5.6951   -5.0428   -3.4550   -3.2683   -3.6565 
   1.5363    0.5172   -2.9672   -4.8619   -5.0401   -3.4614   -3.2708   -3.6549 
  -6.7637   -5.9544   -3.2181   -5.1113   -5.0355   -3.4666   -3.2727   -3.6551 
  -5.2878   -9.1394   -4.2167   -5.0131   -5.0298   -3.4739   -3.2747   -3.6553 
  -3.1488   -5.0264   -4.1901   -4.9203   -5.0222   -3.4797   -3.2771   -3.6548 
 -15.9340  -15.1642   -5.8258   -4.8774   -5.0135   -3.4855   -3.2784   -3.6557 
 -13.5811  -13.5039   -6.5502   -4.8975   -5.0005   -3.4912   -3.2819   -3.6551 
 -14.2826  -14.3692   -7.0116   -4.9819   -4.9859   -3.4970   -3.2831   -3.6546 
 -27.8980  -24.9442   -9.1796   -5.1061   -4.9719   -3.5025   -3.2852   -3.6547 
 -18.9417  -20.2306   -9.7461   -5.2721   -4.9548   -3.5090   -3.2873   -3.6547 
 -11.7377  -12.8554   -8.6375   -5.4556   -4.9380   -3.5146   -3.2898   -3.6553 
 -19.8858  -18.3334   -8.8680   -5.6048   -4.9242   -3.5192   -3.2926   -3.6541 
 -13.8771  -14.5520   -8.5403   -5.7053   -4.9086   -3.5261   -3.2938   -3.6554 
  -8.4052   -9.7673   -7.7148   -5.7695   -4.8970   -3.5309   -3.2967   -3.6544 
 -28.0402  -23.8400   -9.1604   -5.8104   -4.8869   -3.5365   -3.2990   -3.6536 
 -12.5383  -19.7341   -9.7531   -5.8565   -4.8799   -3.5420   -3.3011   -3.6546 
  -5.0941   -7.7085   -8.2413   -5.9174   -4.8740   -3.5472   -3.3027   -3.6536 
 -26.4241  -22.2882   -9.0895   -5.9615   -4.8704   -3.5525   -3.3052   -3.6539 
  -9.1596  -17.2698   -9.5634   -5.9961   -4.8668   -3.5577   -3.3077   -3.6542 
  -4.9749   -7.8700   -8.2141   -6.0387   -4.8652   -3.5644   -3.3104   -3.6534 
 -22.1776  -19.5658   -8.8964   -6.0695   -4.8646   -3.5681   -3.3117   -3.6535 
  -7.4157  -14.4855   -9.2369   -6.0950   -4.8659   -3.5732   -3.3147   -3.6532 
  -5.6605   -6.9509   -7.9678   -6.1257   -4.8670   -3.5780   -3.3173   -3.6530 
 -13.3042  -12.3848   -7.9219   -6.1397   -4.8699   -3.5830   -3.3187   -3.6527 
 -12.7351  -12.6761   -8.0262   -6.1386   -4.8734   -3.5873   -3.3207   -3.6528 
 -12.4967  -12.1308   -7.9596   -6.1386   -4.8772   -3.5918   -3.3232   -3.6522 
 -14.2289  -13.6267   -8.2420   -6.1482   -4.8817   -3.5968   -3.3255   -3.6521 
 -12.5729  -12.5475   -8.1952   -6.1664   -4.8875   -3.6006   -3.3283   -3.6521 
 -11.1481  -10.6943   -7.9621   -6.1869   -4.8929   -3.6060   -3.3302   -3.6522 
 -13.9624  -12.4556   -8.0546   -6.2033   -4.8984   -3.6101   -3.3323   -3.6525 
  -8.2383  -10.4951   -7.9655   -6.2162   -4.9048   -3.6140   -3.3361   -3.6525 
  -5.4214   -7.2514   -7.5345   -6.2223   -4.9109   -3.6183   -3.3382   -3.6523 
 -22.7275  -19.4482   -8.6462   -6.2216   -4.9187   -3.6224   -3.3392   -3.6526 
  -9.8587  -12.5278   -8.7918   -6.2340   -4.9250   -3.6274   -3.3422   -3.6527 
  -4.9927   -6.0346   -7.7665   -6.2579   -4.9327   -3.6307   -3.3448   -3.6512 
  -9.1247   -8.8523   -7.4121   -6.2592   -4.9402   -3.6347   -3.3478   -3.6518 
  -8.7146   -8.9594   -7.3317   -6.2397   -4.9471   -3.6387   -3.3488   -3.6522 
  -7.4111   -8.1803   -7.2533   -6.2153   -4.9540   -3.6428   -3.3517   -3.6518 
 -11.1910  -10.5433   -7.3528   -6.1960   -4.9615   -3.6465   -3.3535   -3.6520 
  -7.8685   -9.1667   -7.2853   -6.1786   -4.9681   -3.6502   -3.3572   -3.6522 
  -5.0761   -6.0076   -6.9453   -6.1607   -4.9741   -3.6533   -3.3588   -3.6518 
  -8.4481   -8.1867   -6.8571   -6.1388   -4.9802   -3.6572   -3.3611   -3.6517 
  -4.1015   -6.5122   -6.8009   -6.1120   -4.9873   -3.6604   -3.3638   -3.6524 
   0.6029   -2.1645   -6.3773   -6.0816   -4.9927   -3.6646   -3.3660   -3.6511 
 -20.2080  -16.3221   -7.2192   -6.0492   -4.9973   -3.6686   -3.3679   -3.6512 
  -2.5489  -10.7939   -7.6932   -6.0238   -5.0023   -3.6719   -3.3696   -3.6527 
   0.8269   -2.3593   -6.6543   -6.0131   -5.0071   -3.6749   -3.3726   -3.6519 
 -20.9649  -16.7565   -7.2571   -5.9965   -5.0110   -3.6791   -3.3751   -3.6525 
  -2.4125  -10.8781   -7.8503   -5.9810   -5.0134   -3.6828   -3.3779   -3.6518 
  -0.3061   -3.8270   -6.8179   -5.9811   -5.0168   -3.6862   -3.3804   -3.6530 
 -22.4677  -18.4202   -7.7045   -5.9762   -5.0192   -3.6899   -3.3822   -3.6518 
  -1.9659  -12.4690   -8.2924   -5.9790   -5.0215   -3.6938   -3.3848   -3.6521 
   0.3159   -2.5886   -6.9686   -5.9989   -5.0221   -3.6974   -3.3869   -3.6520 
  -8.3213   -8.6307   -6.8063   -6.0008   -5.0241   -3.7008   -3.3889   -3.6515 
  -4.5885   -8.7920   -7.1510   -5.9833   -5.0259   -3.7037   -3.3914   -3.6527 
  -3.6995   -5.3989   -6.6150   -5.9698   -5.0266   -3.7078   -3.3936   -3.6513 
 -15.1475  -15.5249   -7.4941   -5.9579   -5.0285   -3.7113   -3.3956   -3.6517 
  -6.5308   -7.9248   -7.0808   -5.9529   -5.0297   -3.7154   -3.3991   -3.6528 
  -2.1640   -3.5259   -6.5152   -5.9529   -5.0303   -3.7178   -3.4011   -3.6522 
  -6.2843   -6.3106   -6.3008   -5.9402   -5.0327   -3.7217   -3.4031   -3.6516 
  -2.5920   -4.7572   -6.2224   -5.9148   -5.0335   -3.7256   -3.4058   -3.6520 
   5.7076    1.6536   -5.6714   -5.8848   -5.0339   -3.7289   -3.4083   -3.6529 
 -16.3429  -12.8270   -6.1779   -5.8470   -5.0364   -3.7325   -3.4097   -3.6530 
   3.4648   -6.8269   -6.9559   -5.8151   -5.0363   -3.7364   -3.4128   -3.6535 
   7.9105    4.0073   -5.1798   -5.8004   -5.0370   -3.7401   -3.4153   -3.6534 
 -11.4067   -8.9537   -4.9407   -5.7456   -5.0375   -3.7432   -3.4172   -3.6530 
  -0.3783   -3.9713   -5.4737   -5.6666   -5.0380   -3.7463   -3.4197   -3.6540 
   1.8589    0.3138   -4.9331   -5.6186   -5.0377   -3.7504   -3.4225   -3.6527 
  -8.6891   -7.7963   -5.2502   -5.5722   -5.0370   -3.7533   -3.4246   -3.6523 
  -6.0325   -6.5106   -5.7868   -5.5333   -5.0354   -3.7562   -3.4271   -3.6535 
  -2.3376   -3.1319   -5.4649   -5.5210   -5.0334   -3.7603   -3.4294   -3.6538 
 -14.2416  -13.0579   -6.4669   -5.5169   -5.0305   -3.7636   -3.4308   -3.6539 
  -7.8026  -11.6337   -7.4364   -5.5448   -5.0279   -3.7673   -3.4337   -3.6543 
  -3.4739   -5.4502   -6.8867   -5.6227   -5.0238   -3.7705   -3.4366   -3.6544 
 -20.6925  -18.0634   -7.8423   -5.6995   -5.0211   -3.7747   -3.4386   -3.6538 
  -1.8547  -11.4979   -8.9404   -5.7800   -5.0178   -3.7773   -3.4408   -3.6547 
  -0.4437   -2.6056   -7.3781   -5.8838   -5.0145   -3.7806   -3.4426   -3.6545 
 -21.9554  -18.9425   -8.2767   -5.9489   -5.0131   -3.7834   -3.4454   -3.6550 
  -2.0501  -10.3053   -9.2481   -6.0037   -5.0125   -3.7872   -3.4469   -3.6553 
  -0.7060   -2.9851   -7.5861   -6.0836   -5.0116   -3.7905   -3.4497   -3.6563 
 -16.7010  -15.5767   -8.0888   -6.1215   -5.0140   -3.7934   -3.4508   -3.6564 
  -5.5209  -10.6882   -8.3682   -6.1373   -5.0156   -3.7978   -3.4530   -3.6557 
   1.0681   -1.8529   -7.2938   -6.1634   -5.0198   -3.8012   -3.4566   -3.6555 
 -18.7822  -16.4806   -7.9950   -6.1652   -5.0236   -3.8038   -3.4581   -3.6561 
  -3.0198   -8.4218   -8.5778   -6.1694   -5.0276   -3.8066   -3.4604   -3.6555 
   3.4540    0.2082   -7.2129   -6.1987   -5.0315   -3.8108   -3.4631   -3.6568 
 -17.6979  -15.5102   -7.8063   -6.1990   -5.0375   -3.8133   -3.4662   -3.6567 
   2.2680   -5.6820   -8.3783   -6.1931   -5.0426   -3.8170   -3.4677   -3.6575 
   8.2556    4.8123   -6.7309   -6.2073   -5.0457   -3.8203   -3.4699   -3.6564 
 -13.2479  -11.2424   -6.8562   -6.1867   -5.0524   -3.8231   -3.4716   -3.6575 
   1.8086   -2.0850   -7.1156   -6.1453   -5.0566   -3.8264   -3.4746   -3.6569 
   4.8328    3.4834   -5.9942   -6.1150   -5.0616   -3.8296   -3.4763   -3.6570 
  -0.2768   -0.4254   -4.9923   -6.0444   -5.0657   -3.8326   -3.4796   -3.6575 
  -1.0379   -1.6901   -4.7349   -5.9032   -5.0693   -3.8354   -3.4817   -3.6580 
  -2.2886   -2.6202   -4.6713   -5.7592   -5.0737   -3.8390   -3.4831   -3.6578 
 -16.9504  -13.5916   -5.6002   -5.6476   -5.0756   -3.8413   -3.4853   -3.6588 
  -4.2082   -9.1166   -5.8463   -5.5708   -5.0772   -3.8441   -3.4883   -3.6586 
  -1.8841   -3.7436   -5.4945   -5.5247   -5.0765   -3.8474   -3.4900   -3.6590 
 -19.4948  -15.1593   -6.2305   -5.4985   -5.0752   -3.8498   -3.4917   -3.6595 
  -0.9052   -6.5805   -6.2568   -5.4868   -5.0698   -3.8530   -3.4947   -3.6588 
   2.5314    0.2108   -5.5410   -5.4850   -5.0650   -3.8566   -3.4966   -3.6594 
 -16.3853  -13.1673   -5.9945   -5.4783   -5.0608   -3.8591   -3.4989   -3.6604 
  -0.5397   -4.8853   -6.3127   -5.4701   -5.0554   -3.8626   -3.5008   -3.6598 
   1.9550    0.3216   -5.5305   -5.4718   -5.0488   -3.8657   -3.5027   -3.6600 
 -15.1392  -13.0640   -6.0509   -5.4654   -5.0435   -3.8678   -3.5054   -3.6608 
   0.7267   -4.8573   -6.4709   -5.4609   -5.0373   -3.8719   -3.5071   -3.6613 
   4.6131    2.1678   -5.3655   -5.4705   -5.0316   -3.8739   -3.5097   -3.6611 
 -11.5209  -10.0529   -5.6617   -5.4607   -5.0262   -3.8763   -3.5113   -3.6611 
  -1.0702   -5.9537   -6.3231   -5.4435   -5.0216   -3.8794   -3.5140   -3.6628 
   1.0372   -0.1325   -5.5979   -5.4519   -5.0164   -3.8819   -3.5170   -3.6621 
  -2.3453   -3.0004   -5.2672   -5.4512   -5.0117   -3.8849   -3.5177   -3.6620 
  -1.5031   -2.8599   -5.1845   -5.4263   -5.0074   -3.8881   -3.5197   -3.6625 
   0.6158   -0.5989   -4.9986   -5.3937   -5.0030   -3.8912   -3.5228   -3.6630 
 -17.4444  -13.9411   -5.7064   -5.3614   -4.9987   -3.8943   -3.5248   -3.6630 
  -0.6191   -3.1985   -5.5470   -5.3341   -4.9941   -3.8963   -3.5266   -3.6637 
   3.8939    1.8416   -4.7735   -5.3123   -4.9907   -3.8997   -3.5286   -3.6636 
  -0.8754   -0.8511   -3.5599   -5.2695   -4.9857   -3.9018   -3.5317   -3.6638 
  -1.9174   -2.4183   -3.7874   -5.1730   -4.9820   -3.9044   -3.5332   -3.6648 
   3.8800    2.0050   -3.7062   -5.0668   -4.9774   -3.9065   -3.5353   -3.6648 
  -7.6979   -5.5528   -3.7348   -4.9767   -4.9711   -3.9094   -3.5385   -3.6644 
   6.0756    0.8826   -3.9044   -4.8954   -4.9657   -3.9121   -3.5398   -3.6647 
   6.3725    4.2270   -3.2321   -4.8250   -4.9581   -3.9146   -3.5417   -3.6660 
   1.4591    0.7858   -2.6348   -4.7474   -4.9497   -3.9173   -3.5442   -3.6656 
   4.0289    2.9156   -2.3861   -4.6445   -4.9394   -3.9194   -3.5472   -3.6657 
   6.5309    5.2291   -2.0020   -4.5361   -4.9294   -3.9220   -3.5482   -3.6664 
  -4.3256   -3.4890   -2.1714   -4.4307   -4.9175   -3.9244   -3.5498   -3.6671 
  11.9618    6.1351   -2.0900   -4.3267   -4.9054   -3.9270   -3.5523   -3.6676 
  11.5845    9.3057   -1.5634   -4.2253   -4.8917   -3.9297   -3.5544   -3.6679 
  -5.5456   -4.2057   -1.8914   -4.1130   -4.8765   -3.9315   -3.5566   -3.6679 
  12.7140    8.1840   -1.8793   -3.9843   -4.8609   -3.9337   -3.5595   -3.6688 
  12.1370   10.1566   -1.1471   -3.1707   -4.8419   -3.9356   -3.5614   -3.6683 
  -5.0009   -3.8039   -1.1060   -2.9414   -4.8219   -3.9384   -3.5626   -3.6695 
  12.2741    8.1799   -0.9597   -3.0111   -4.7990   -3.9405   -3.5647   -3.6695 
  10.7187    9.6231   -0.6853   -3.0236   -4.7715   -3.9426   -3.5665   -3.6699 
  -5.2407   -3.9963   -1.0100   -3.0083   -4.7412   -3.9442   -3.5700   -3.6696 
   9.3156    6.0641   -0.8932   -2.9776   -4.7090   -3.9460   -3.5709   -3.6704 
   9.5456    8.9324   -0.6289   -2.9391   -4.6742   -3.9482   -3.5730   -3.6706 
  -4.3379   -4.0609   -1.0130   -2.8990   -4.6402   -3.9510   -3.5751   -3.6713 
   9.4557    6.0577   -0.8448   -2.8577   -4.6046   -3.9522   -3.5773   -3.6719 
  10.4333    9.9241   -0.5205   -2.8155   -4.5698   -3.9542   -3.5793   -3.6716 
  -3.7333   -2.9531   -0.9076   -2.7746   -4.5345   -3.9564   -3.5812   -3.6720 
  10.3461    7.1522   -0.7326   -2.7354   -4.4988   -3.9582   -3.5834   -3.6733 
  12.8523   12.1735   -0.3798   -2.6965   -4.4640   -3.9591   -3.5861   -3.6728 
  -1.2420   -0.8447   -0.7771   -2.6621   -4.4284   -3.9607   -3.5873   -3.6732 
  12.1949    7.9424   -0.5901   -2.6258   -4.3947   -3.9617   -3.5893   -3.6742 
  15.8267   14.2854   -0.2109   -2.5911   -4.3603   -3.9636   -3.5916   -3.6742 
  -2.1464   -1.8464   -0.7670   -2.5599   -4.3259   -3.9649   -3.5941   -3.6754 
   7.3799    5.6822   -0.6394   -2.5288   -4.2932   -3.9655   -3.5950   -3.6755 
  12.4046   11.7048   -0.2125   -2.4979   -4.2609   -3.9670   -3.5968   -3.6760 
  -3.5616   -3.1176   -0.7889   -2.4704   -4.2284   -3.9674   -3.5991   -3.6762 
  17.4880   13.7353   -0.3662   -2.4423   -4.1967   -3.9688   -3.6018   -3.6772 
  22.4042   21.5447    0.2772   -2.4142   -4.1657   -3.9692   -3.6033   -3.6764 
   5.5451    5.0450   -0.4308   -2.3896   -4.1366   -3.9698   -3.6045   -3.6778 
  17.1499   13.7514   -0.1854   -2.3641   -4.1044   -3.9685   -3.6076   -3.6784 
  20.0215   19.6935    0.2652   -2.3393   -4.0750   -3.9699   -3.6089   -3.6784 
   1.2667    2.0067   -0.4795   -2.3189   -4.0477   -3.9699   -3.6119   -3.6787 
  18.0379   14.5626   -0.1058   -2.2962   -4.0194   -3.9699   -3.6132   -3.6793 
  23.9497   23.0324    0.3910   -2.2738   -3.9909   -3.9690   -3.6154   -3.6788 
  -2.4028   -1.5967   -0.5828   -2.2548   -3.9646   -3.9680   -3.6170   -3.6801 
  18.4847   14.8061   -0.0802   -2.2341   -3.9375   -3.9681   -3.6185   -3.6804 
  23.9667   23.0688    0.3587   -2.2130   -3.9117   -3.9673   -3.6211   -3.6805 
   2.0824    1.2145   -0.4778   -2.1960   -3.8865   -3.9660   -3.6234   -3.6812 
  21.1952   17.3017   -0.0129   -2.1771   -3.8623   -3.9645   -3.6250   -3.6820 
  19.7106   18.7567    0.3254   -2.1570   -3.8363   -3.9628   -3.6270   -3.6816 
   2.5874    2.3634   -0.3670   -2.1409   -3.8136   -3.9612   -3.6285   -3.6834 
   3.3197    2.8647   -0.3851   -2.1244   -3.7905   -3.9608   -3.6301   -3.6832 
  12.1796   10.9478   -0.0653   -2.1067   -3.7678   -3.9596   -3.6327   -3.6836 
   2.2115    2.2196   -0.3641   -2.0901   -3.7439   -3.9569   -3.6344   -3.6846 
  14.8946   11.3732   -0.2389   -2.0735   -3.7218   -3.9551   -3.6363   -3.6852 
  20.4902   19.7829    0.3496   -2.0558   -3.6998   -3.9533   -3.6385   -3.6838 
   3.2125    3.5359   -0.2261   -2.0410   -3.6786   -3.9513   -3.6394   -3.6854 
  17.4925   14.9322    0.0942   -2.0251   -3.6576   -3.9488   -3.6418   -3.6866 
  19.8612   19.4525    0.5096   -2.0087   -3.6366   -3.9463   -3.6431   -3.6865 
   9.5466    9.3163    0.0667   -1.9953   -3.6166   -3.9440   -3.6455   -3.6876 
  12.0812   11.5237    0.1349   -1.9800   -3.5975   -3.9411   -3.6465   -3.6867 
  10.5939    9.8631    0.0828   -1.9667   -3.5771   -3.9383   -3.6487   -3.6884 
   2.7480    2.8699   -0.2144   -1.9532   -3.5584   -3.9346   -3.6499   -3.6884 
   4.7174    3.8130   -0.2345   -1.9401   -3.5393   -3.9330   -3.6518   -3.6891 
  12.5508   12.3977    0.1880   -1.9245   -3.5211   -3.9295   -3.6535   -3.6894 
  -2.5429   -1.6789   -0.3777   -1.9117   -3.5030   -3.9260   -3.6552   -3.6901 
  10.8337    7.8564   -0.2276   -1.8990   -3.4847   -3.9235   -3.6574   -3.6912 
  16.2716   15.0409    0.3629   -1.8859   -3.4665   -3.9199   -3.6584   -3.6909 
  -0.4288    0.0689   -0.2916   -1.8746   -3.4491   -3.9163   -3.6595   -3.6920 
  18.8075   14.7277    0.1524   -1.8612   -3.4321   -3.9131   -3.6622   -3.6924 
  19.4742   18.7844    0.7009   -1.8484   -3.4146   -3.9089   -3.6626   -3.6927 
   0.1293    1.4479   -0.0938   -1.8375   -3.3982   -3.9059   -3.6647   -3.6930 
  16.5355   13.3913    0.2908   -1.8253   -3.3815   -3.9020   -3.6662   -3.6935 
  16.0812   15.6547    0.7293   -1.8136   -3.3651   -3.8985   -3.6681   -3.6941 
  -0.2147   -0.2494   -0.2614   -1.8036   -3.3496   -3.8944   -3.6697   -3.6945 
  10.3643    7.0310   -0.1207   -1.7928   -3.3337   -3.8902   -3.6707   -3.6953 
  14.7808   14.8358    0.6999   -1.7810   -3.3179   -3.8869   -3.6723   -3.6957 
   0.5584    0.9390   -0.0429   -1.7708   -3.3027   -3.8838   -3.6742   -3.6962 
   6.5569    6.0427    0.0279   -1.7611   -3.2878   -3.8796   -3.6767   -3.6961 
  12.7780   10.8635    0.5286   -1.7497   -3.2727   -3.8756   -3.6767   -3.6974 
   0.5939    0.7190   -0.0275   -1.7408   -3.2584   -3.8714   -3.6784   -3.6981 
  16.8635   13.0013    0.3309   -1.7308   -3.2443   -3.8667   -3.6803   -3.6982 
  20.5180   19.5263    1.1060   -1.7185   -3.2291   -3.8625   -3.6812   -3.6991 
   3.2866    4.1534    0.3908   -1.7094   -3.2153   -3.8583   -3.6825   -3.6989 
  19.7805   16.6691    0.6529   -1.7007   -3.2009   -3.8541   -3.6845   -3.6996 
  21.9897   21.4706    1.3830   -1.6897   -3.1881   -3.8501   -3.6851   -3.7002 
  -0.1213    0.7482    0.2608   -1.6815   -3.1747   -3.8452   -3.6869   -3.7010 
  17.1998   15.4504    0.6535   -1.6728   -3.1600   -3.8410   -3.6872   -3.7011 
  20.9863   20.7750    1.4855   -1.6625   -3.1472   -3.8363   -3.6890   -3.7013 
  -2.4963   -1.1883    0.1814   -1.6555   -3.1351   -3.8323   -3.6900   -3.7023 
  21.1316   17.5026    0.6041   -1.6468   -3.1218   -3.8276   -3.6921   -3.7028 
  23.3310   22.1456    1.7529   -1.6351   -3.1087   -3.8239   -3.6924   -3.7030 
   1.8553    2.0779    0.5690   -1.6279   -3.0968   -3.8189   -3.6937   -3.7040 
  23.4334   19.4097    0.9052   -1.6212   -3.0840   -3.8145   -3.6949   -3.7044 
  24.5672   23.7216    2.0892   -1.6094   -3.0716   -3.8097   -3.6959   -3.7046 
   0.3529    1.1756    0.6820   -1.6029   -3.0602   -3.8065   -3.6974   -3.7058 
  24.2199   19.9762    1.1053   -1.5949   -3.0484   -3.8008   -3.6980   -3.7058 
  20.6087   19.2633    2.1005   -1.5853   -3.0356   -3.7961   -3.6984   -3.7065 
   3.8867    3.5342    0.8426   -1.5780   -3.0252   -3.7919   -3.7001   -3.7065 
   6.8607    6.2038    0.5149   -1.5706   -3.0138   -3.7871   -3.7007   -3.7083 
  19.4574   18.8670    1.7089   -1.5605   -3.0017   -3.7823   -3.7015   -3.7078 
   6.8973    6.5909    1.0065   -1.5539   -2.9906   -3.7779   -3.7022   -3.7090 
   8.8601    8.3980    0.9451   -1.5469   -2.9796   -3.7738   -3.7037   -3.7096 
  17.3536   16.7549    1.6527   -1.5372   -2.9687   -3.7687   -3.7055   -3.7102 
   5.6535    5.1491    0.9322   -1.5305   -2.9575   -3.7633   -3.7053   -3.7100 
   7.8958    7.6336    1.0754   -1.5225   -2.9473   -3.7588   -3.7062   -3.7108 
   5.6987    5.4502    0.7059   -1.5146   -2.9366   -3.7546   -3.7073   -3.7115 
   2.6098    2.5718    0.3416   -1.5085   -2.9258   -3.7493   -3.7081   -3.7123 
  10.9883    8.2648    0.3982   -1.5018   -2.9155   -3.7450   -3.7084   -3.7137 
  13.2080   13.2778    1.3705   -1.4916   -2.9047   -3.7397   -3.7091   -3.7128 
   6.3089    6.0714    0.9205   -1.4855   -2.8949   -3.7350   -3.7096   -3.7141 
   8.5505    7.5654    0.8195   -1.4790   -2.8843   -3.7309   -3.7108   -3.7150 
  10.9727   10.9800    1.4183   -1.4705   -2.8747   -3.7263   -3.7113   -3.7147 
   3.4215    3.6308    0.7086   -1.4655   -2.8643   -3.7210   -3.7110   -3.7160 
   7.4044    5.9257    0.4646   -1.4593   -2.8547   -3.7168   -3.7129   -3.7164 
  13.0517   11.7689    1.1992   -1.4507   -2.8451   -3.7122   -3.7130   -3.7161 
  -4.2247   -3.2632    0.2576   -1.4444   -2.8357   -3.7073   -3.7134   -3.7172 
  16.3621   13.9333    0.5749   -1.4392   -2.8254   -3.7028   -3.7136   -3.7177 
  21.4394   20.6884    2.3457   -1.4295   -2.8156   -3.6978   -3.7149   -3.7187 
   7.3214    7.4165    1.5242   -1.4242   -2.8071   -3.6930   -3.7149   -3.7189 
   9.8015    9.2111    1.1396   -1.4185   -2.7969   -3.6885   -3.7155   -3.7200 
  16.2743   15.3990    2.1088   -1.4112   -2.7874   -3.6838   -3.7166   -3.7196 
   0.8812    1.5076    1.1536   -1.4051   -2.7781   -3.6796   -3.7171   -3.7210 
  18.4926   14.9653    1.1782   -1.3991   -2.7698   -3.6750   -3.7174   -3.7208 
  23.0214   22.0962    2.7417   -1.3893   -2.7595   -3.6699   -3.7170   -3.7206 
   0.6379    1.7353    1.6271   -1.3846   -2.7514   -3.6650   -3.7174   -3.7219 
  16.5741   13.2677    1.3709   -1.3805   -2.7428   -3.6609   -3.7171   -3.7224 
  22.2439   21.2207    2.9389   -1.3714   -2.7332   -3.6556   -3.7178   -3.7234 
   5.4428    5.2494    1.8501   -1.3666   -2.7258   -3.6513   -3.7181   -3.7238 
  13.8551   11.2422    1.4871   -1.3627   -2.7171   -3.6456   -3.7189   -3.7243 
  23.5218   22.8692    3.0782   -1.3535   -2.7074   -3.6414   -3.7189   -3.7242 
   3.9954    4.0830    2.0021   -1.3486   -2.7006   -3.6367   -3.7195   -3.7257 
  22.8229   20.7103    2.8599   -1.3412   -2.6910   -3.6323   -3.7186   -3.7250 
  26.3277   25.9850    4.1642   -1.3320   -2.6826   -3.6278   -3.7191   -3.7255 
   4.9414    5.8777    2.9744   -1.2882   -2.6747   -3.6228   -3.7194   -3.7271 
  27.6476   23.7682    3.0026   -1.3237   -2.6662   -3.6178   -3.7195   -3.7276 
  28.2067   27.1501    4.4255   -1.3160   -2.6574   -3.6138   -3.7197   -3.7275 
   8.5093    8.4538    3.2921   -1.3101   -2.6506   -3.6088   -3.7198   -3.7286 
  23.2029   20.1796    3.4548   -1.3044   -2.6423   -3.6049   -3.7197   -3.7285 
  23.0656   22.0396    4.5666   -1.2950   -2.6340   -3.5995   -3.7197   -3.7297 
   2.1589    3.1132    2.9991   -1.2910   -2.6268   -3.5953   -3.7198   -3.7307 
  11.7338   11.2455    2.6726   -1.2858   -2.6193   -3.5900   -3.7209   -3.7307 
   9.3897    8.9392    2.6428   -1.2791   -2.6111   -3.5854   -3.7199   -3.7319 
   4.9016    4.8615    2.1478   -1.2727   -2.6043   -3.5813   -3.7202   -3.7322 
   6.9857    6.0907    1.6433   -1.2677   -2.5957   -3.5769   -3.7201   -3.7327 
  10.3335    9.7484    2.1410   -1.2602   -2.5888   -3.5722   -3.7197   -3.7328 
   2.0867    2.6617    1.4100   -1.2544   -2.5808   -3.5671   -3.7192   -3.7340 
  11.4899    9.6341    1.6629   -1.2475   -2.5742   -3.5634   -3.7194   -3.7347 
  13.0657   13.4248    2.9121   -1.2400   -2.5664   -3.5585   -3.7200   -3.7352 
   2.9682    3.2117    1.9180   -1.2331   -2.5596   -3.5549   -3.7192   -3.7356 
  16.4821   13.0268    1.9666   -1.2274   -2.5519   -3.5495   -3.7190   -3.7358 
  23.4311   22.0708    3.7268   -1.2187   -2.5441   -3.5448   -3.7181   -3.7355 
  -0.6444    0.4445    2.2224   -1.2122   -2.5377   -3.5398   -3.7177   -3.7375 
  16.8492   13.4791    2.1261   -1.2078   -2.5299   -3.5362   -3.7178   -3.7377 
  19.9198   19.3079    3.9426   -1.1979   -2.5212   -3.5319   -3.7176   -3.7373 
   5.0458    5.0878    2.2015   -1.1942   -2.5149   -3.5266   -3.7173   -3.7385 
   9.8189    9.0775    2.0519   -1.1881   -2.5082   -3.5226   -3.7173   -3.7402 
  18.3365   16.9286    3.5022   -1.1813   -2.5009   -3.5179   -3.7174   -3.7396 
   1.5984    1.6437    1.4782   -1.1761   -2.4947   -3.5133   -3.7169   -3.7412 
  15.8714   12.4670    2.1753   -1.1706   -2.4869   -3.5095   -3.7165   -3.7407 
-142.9077 -142.0548 -143.3754 -142.4960 -143.8302 -142.6258 -144.5674 -144.7486 
